>GCCATTAGAACC	5-GCCATTAGAACC	0.428587	-174.076547	0	T:5673.0(68.29%),B:13111.3(56.82%),P:1e-75
0.173	0.115	0.654	0.058
0.001	0.941	0.001	0.057
0.001	0.885	0.057	0.057
0.882	0.057	0.001	0.060
0.003	0.001	0.057	0.939
0.001	0.032	0.001	0.966
0.654	0.001	0.115	0.230
0.172	0.001	0.826	0.001
0.678	0.206	0.058	0.058
0.884	0.001	0.114	0.001
0.151	0.791	0.057	0.001
0.003	0.939	0.001	0.057
