>AGCTGTTTAGAT	7-ATCTAAACAGCT	3.702662	-105.152861	0	T:6656.0(80.13%),B:16682.7(72.30%),P:1e-45
0.727	0.048	0.110	0.115
0.089	0.097	0.717	0.097
0.108	0.705	0.082	0.105
0.144	0.049	0.036	0.771
0.158	0.100	0.664	0.078
0.095	0.161	0.112	0.632
0.085	0.123	0.139	0.653
0.136	0.131	0.149	0.584
0.618	0.055	0.180	0.147
0.150	0.172	0.579	0.099
0.681	0.165	0.063	0.091
0.133	0.058	0.139	0.670
