>ATCTAAACAGCT	7-ATCTAAACAGCT,BestGuess:MyoG(bHLH)/C2C12-MyoG-ChIP-Seq(GSE36024)/Homer(0.728)	3.702662	-105.152861	0	T:6656.0(80.13%),B:16682.7(72.30%),P:1e-45
0.670	0.139	0.058	0.133
0.091	0.063	0.165	0.681
0.099	0.579	0.172	0.150
0.147	0.180	0.055	0.618
0.584	0.149	0.131	0.136
0.653	0.139	0.123	0.085
0.632	0.112	0.161	0.095
0.078	0.664	0.100	0.158
0.771	0.036	0.049	0.144
0.105	0.082	0.705	0.108
0.097	0.717	0.097	0.089
0.115	0.110	0.048	0.727
