>GGTAATTAVCHT	4-GGTAATTAVCHT	5.173036	-282.670365	0	T:3415.0(41.11%),B:6219.6(26.95%),P:1e-122
0.294	0.002	0.672	0.032
0.116	0.108	0.519	0.257
0.178	0.204	0.116	0.502
0.617	0.146	0.230	0.007
0.834	0.163	0.001	0.002
0.003	0.001	0.083	0.913
0.006	0.250	0.186	0.558
0.552	0.044	0.225	0.179
0.277	0.352	0.276	0.095
0.007	0.560	0.146	0.287
0.298	0.348	0.076	0.278
0.244	0.234	0.001	0.521
