>TTTTAGGACCAC	12-TTTTAGGACCAC,BestGuess:HOXC12/MA0906.1/Jaspar(0.744)	3.864681	-64.902595	0	T:6114.0(73.60%),B:15478.9(67.08%),P:1e-28
0.085	0.136	0.072	0.707
0.049	0.122	0.073	0.756
0.046	0.143	0.081	0.730
0.129	0.197	0.143	0.531
0.768	0.044	0.134	0.054
0.144	0.054	0.711	0.091
0.105	0.168	0.656	0.071
0.670	0.108	0.098	0.124
0.133	0.611	0.156	0.100
0.136	0.674	0.089	0.101
0.604	0.134	0.081	0.181
0.147	0.585	0.140	0.128
