>ASGGTCACGTGA	20-ASGGTCACGTGA	10.644615	-19.688750	0	T:48.0(0.58%),B:36.9(0.16%),P:1e-8
0.457	0.201	0.226	0.115
0.159	0.427	0.323	0.091
0.114	0.213	0.514	0.159
0.045	0.091	0.863	0.001
0.091	0.156	0.091	0.662
0.022	0.880	0.097	0.001
0.953	0.045	0.001	0.001
0.023	0.863	0.068	0.046
0.001	0.113	0.818	0.068
0.023	0.023	0.023	0.931
0.001	0.097	0.857	0.045
0.793	0.024	0.159	0.024
