>CCCCAGGGGGTT	6-CCCCAGGGGGTT,BestGuess:EBF1(EBF)/Near-E2A-ChIP-Seq(GSE21512)/Homer(0.843)	3.709123	-116.381321	0	T:4661.0(56.11%),B:10730.4(46.50%),P:1e-50
0.071	0.846	0.054	0.029
0.021	0.878	0.018	0.083
0.083	0.888	0.001	0.028
0.019	0.970	0.001	0.010
0.978	0.001	0.010	0.011
0.018	0.046	0.889	0.047
0.087	0.010	0.874	0.029
0.085	0.001	0.855	0.059
0.157	0.028	0.779	0.036
0.036	0.115	0.764	0.085
0.066	0.166	0.130	0.638
0.110	0.090	0.145	0.655
