>GCCYCCCAAARM	9-GCCYCCCAAARM,BestGuess:PB0092.1_Zbtb7b_1/Jaspar(0.773)	4.288912	-84.442151	0	T:6142.0(73.94%),B:15332.9(66.45%),P:1e-36
0.146	0.162	0.536	0.156
0.006	0.701	0.149	0.144
0.145	0.479	0.088	0.289
0.084	0.426	0.156	0.333
0.005	0.698	0.287	0.010
0.143	0.568	0.147	0.142
0.009	0.701	0.280	0.010
0.449	0.299	0.101	0.152
0.592	0.107	0.020	0.281
0.543	0.291	0.154	0.012
0.416	0.230	0.346	0.007
0.285	0.388	0.166	0.161
