>CCCCCCCCCCCC	13-CCCCCCCCCCCC,BestGuess:SeqBias: polyC-repeat(0.904)	9.535351	-52.494769	0	T:606.0(7.30%),B:1011.6(4.38%),P:1e-22
0.059	0.884	0.031	0.026
0.073	0.824	0.028	0.075
0.060	0.823	0.032	0.085
0.086	0.835	0.007	0.072
0.084	0.824	0.014	0.078
0.131	0.805	0.047	0.017
0.107	0.768	0.039	0.086
0.083	0.851	0.003	0.063
0.105	0.816	0.048	0.031
0.067	0.873	0.032	0.028
0.069	0.829	0.085	0.017
0.046	0.868	0.066	0.020
