>TSHKTGWSWGGG	8-TSHKTGWSWGGG,BestGuess:SeqBias: CA-repeat(0.703)	3.770664	-91.534799	0	T:6508.0(78.34%),B:16360.5(70.90%),P:1e-39
0.163	0.193	0.206	0.438
0.025	0.443	0.403	0.129
0.373	0.238	0.016	0.374
0.049	0.015	0.534	0.402
0.014	0.001	0.063	0.922
0.016	0.181	0.597	0.206
0.454	0.024	0.067	0.454
0.001	0.437	0.538	0.024
0.375	0.001	0.112	0.512
0.001	0.001	0.975	0.023
0.137	0.024	0.658	0.181
0.024	0.001	0.886	0.089
