>CCCWSWCAMDSA	8-TSHKTGWSWGGG	3.770664	-91.534799	0	T:6508.0(78.34%),B:16360.5(70.90%),P:1e-39
0.089	0.886	0.001	0.024
0.181	0.658	0.024	0.137
0.023	0.975	0.001	0.001
0.512	0.112	0.001	0.375
0.024	0.538	0.437	0.001
0.454	0.067	0.024	0.454
0.206	0.597	0.181	0.016
0.922	0.063	0.001	0.014
0.402	0.534	0.015	0.049
0.374	0.016	0.238	0.373
0.129	0.403	0.443	0.025
0.438	0.206	0.193	0.163
