>GTGGTCCTAAAA	12-TTTTAGGACCAC	3.864681	-64.902595	0	T:6114.0(73.60%),B:15478.9(67.08%),P:1e-28
0.128	0.140	0.585	0.147
0.181	0.081	0.134	0.604
0.101	0.089	0.674	0.136
0.100	0.156	0.611	0.133
0.124	0.098	0.108	0.670
0.071	0.656	0.168	0.105
0.091	0.711	0.054	0.144
0.054	0.134	0.044	0.768
0.531	0.143	0.197	0.129
0.730	0.081	0.143	0.046
0.756	0.073	0.122	0.049
0.707	0.072	0.136	0.085
