>KYTTTGGGRGGC	9-GCCYCCCAAARM	4.288912	-84.442151	0	T:6142.0(73.94%),B:15332.9(66.45%),P:1e-36
0.161	0.166	0.388	0.285
0.007	0.346	0.230	0.416
0.012	0.154	0.291	0.543
0.281	0.020	0.107	0.592
0.152	0.101	0.299	0.449
0.010	0.280	0.701	0.009
0.142	0.147	0.568	0.143
0.010	0.287	0.698	0.005
0.333	0.156	0.426	0.084
0.289	0.088	0.479	0.145
0.144	0.149	0.701	0.006
0.156	0.536	0.162	0.146
