{
 "cells": [
  {
   "cell_type": "code",
   "execution_count": 1,
   "metadata": {
    "collapsed": true
   },
   "outputs": [],
   "source": [
    "from __future__ import division, absolute_import, print_function\n",
    "%matplotlib inline"
   ]
  },
  {
   "cell_type": "code",
   "execution_count": 2,
   "metadata": {
    "collapsed": false
   },
   "outputs": [],
   "source": [
    "import time\n",
    "import numpy as np"
   ]
  },
  {
   "cell_type": "markdown",
   "metadata": {},
   "source": [
    "### Original features (union of all features submitted by contestants in Madelon challenge)"
   ]
  },
  {
   "cell_type": "code",
   "execution_count": 3,
   "metadata": {
    "collapsed": false
   },
   "outputs": [],
   "source": [
    "original_features = np.array([ 29, 49, 65, 106, 129, 154, 242, 282, 319, 337, 339, 379, 434, 443, 452, 454, 456, 473, 476, 494])"
   ]
  },
  {
   "cell_type": "code",
   "execution_count": 4,
   "metadata": {
    "collapsed": false
   },
   "outputs": [
    {
     "name": "stdout",
     "output_type": "stream",
     "text": [
      "set([129, 282, 452, 454, 65, 443, 106, 434, 337, 49, 242, 339, 456, 473, 154, 379, 476, 29, 494, 319])\n"
     ]
    }
   ],
   "source": [
    "already_seen_features = set(original_features.flat)\n",
    "print(already_seen_features)"
   ]
  },
  {
   "cell_type": "markdown",
   "metadata": {},
   "source": [
    "### Generate 200 unique random features different from the original features"
   ]
  },
  {
   "cell_type": "code",
   "execution_count": 5,
   "metadata": {
    "collapsed": false
   },
   "outputs": [
    {
     "name": "stdout",
     "output_type": "stream",
     "text": [
      "(200,)\n",
      "[157 422 408 137  16  82  99 469 150  24 484 190  61 264 238 224 251 453\n",
      " 127 173 433 241 413 159 403 210 302  51  81 271 411 142 120 345 485  21\n",
      " 294 468 219  93 397 329 201 486  34 133 152 279 489 394 355 409 296 206\n",
      " 109 439 324  13  25  76  72 297 286 125 197 269 175 189 149 214 123 147\n",
      "  86 179  57 266 346 162 258 404 499 370  17 122  52 483 357 459 114 472\n",
      " 401 407 500 118  68 396 161 301 314 447 229 462 428  36  10 381 423 463\n",
      "  42 327  84  60 441 496 450 323 230 113 202 203  64 344 293  14 176  74\n",
      " 491 466 467 268 227 377 172 103 417 438 342 393 398 283 384 430 493 111\n",
      " 244 274 375 182 320  71 267  41 177 135 110 492 402  88 424 207 223 431\n",
      "  94 217  75 167 220 330 410 243 262 260 235  55 383 121 124 249 247 457\n",
      "  30 426 464 451 256 335  98 187 208 164 287 352  27 285 218 170 442  54\n",
      " 105 134]\n"
     ]
    }
   ],
   "source": [
    "import random\n",
    "\n",
    "null_features = np.array([], dtype=int)\n",
    "while len(null_features) < 200:\n",
    "    next_int = random.randint(1, 501)\n",
    "    if next_int not in already_seen_features:\n",
    "        already_seen_features.add(next_int)\n",
    "        null_features = np.append(null_features, next_int)\n",
    "print(null_features.shape)\n",
    "print(null_features)"
   ]
  },
  {
   "cell_type": "markdown",
   "metadata": {},
   "source": [
    "### Add the 20 original features after every 20 features"
   ]
  },
  {
   "cell_type": "code",
   "execution_count": 6,
   "metadata": {
    "collapsed": false
   },
   "outputs": [
    {
     "name": "stdout",
     "output_type": "stream",
     "text": [
      "(400,)\n",
      "[157 422 408 137  16  82  99 469 150  24 484 190  61 264 238 224 251 453\n",
      " 127 173  29  49  65 106 129 154 242 282 319 337 339 379 434 443 452 454\n",
      " 456 473 476 494 433 241 413 159 403 210 302  51  81 271 411 142 120 345\n",
      " 485  21 294 468 219  93  29  49  65 106 129 154 242 282 319 337 339 379\n",
      " 434 443 452 454 456 473 476 494 397 329 201 486  34 133 152 279 489 394\n",
      " 355 409 296 206 109 439 324  13  25  76  29  49  65 106 129 154 242 282\n",
      " 319 337 339 379 434 443 452 454 456 473 476 494  72 297 286 125 197 269\n",
      " 175 189 149 214 123 147  86 179  57 266 346 162 258 404  29  49  65 106\n",
      " 129 154 242 282 319 337 339 379 434 443 452 454 456 473 476 494 499 370\n",
      "  17 122  52 483 357 459 114 472 401 407 500 118  68 396 161 301 314 447\n",
      "  29  49  65 106 129 154 242 282 319 337 339 379 434 443 452 454 456 473\n",
      " 476 494 229 462 428  36  10 381 423 463  42 327  84  60 441 496 450 323\n",
      " 230 113 202 203  29  49  65 106 129 154 242 282 319 337 339 379 434 443\n",
      " 452 454 456 473 476 494  64 344 293  14 176  74 491 466 467 268 227 377\n",
      " 172 103 417 438 342 393 398 283  29  49  65 106 129 154 242 282 319 337\n",
      " 339 379 434 443 452 454 456 473 476 494 384 430 493 111 244 274 375 182\n",
      " 320  71 267  41 177 135 110 492 402  88 424 207  29  49  65 106 129 154\n",
      " 242 282 319 337 339 379 434 443 452 454 456 473 476 494 223 431  94 217\n",
      "  75 167 220 330 410 243 262 260 235  55 383 121 124 249 247 457  29  49\n",
      "  65 106 129 154 242 282 319 337 339 379 434 443 452 454 456 473 476 494\n",
      "  30 426 464 451 256 335  98 187 208 164 287 352  27 285 218 170 442  54\n",
      " 105 134  29  49  65 106 129 154 242 282 319 337 339 379 434 443 452 454\n",
      " 456 473 476 494]\n"
     ]
    }
   ],
   "source": [
    "all_features = np.array([], dtype=int)\n",
    "for i in range(10):\n",
    "    all_features = np.append(all_features, null_features[20*i:20*(i+1)])\n",
    "    all_features = np.append(all_features, original_features)\n",
    "print(all_features.shape)\n",
    "print(all_features)"
   ]
  },
  {
   "cell_type": "markdown",
   "metadata": {},
   "source": [
    "### Reshape array to [10,40] to get 10 different sets to train with"
   ]
  },
  {
   "cell_type": "code",
   "execution_count": 7,
   "metadata": {
    "collapsed": false
   },
   "outputs": [
    {
     "name": "stdout",
     "output_type": "stream",
     "text": [
      "(10, 40)\n",
      "[[157 422 408 137  16  82  99 469 150  24 484 190  61 264 238 224 251 453\n",
      "  127 173  29  49  65 106 129 154 242 282 319 337 339 379 434 443 452 454\n",
      "  456 473 476 494]\n",
      " [433 241 413 159 403 210 302  51  81 271 411 142 120 345 485  21 294 468\n",
      "  219  93  29  49  65 106 129 154 242 282 319 337 339 379 434 443 452 454\n",
      "  456 473 476 494]\n",
      " [397 329 201 486  34 133 152 279 489 394 355 409 296 206 109 439 324  13\n",
      "   25  76  29  49  65 106 129 154 242 282 319 337 339 379 434 443 452 454\n",
      "  456 473 476 494]\n",
      " [ 72 297 286 125 197 269 175 189 149 214 123 147  86 179  57 266 346 162\n",
      "  258 404  29  49  65 106 129 154 242 282 319 337 339 379 434 443 452 454\n",
      "  456 473 476 494]\n",
      " [499 370  17 122  52 483 357 459 114 472 401 407 500 118  68 396 161 301\n",
      "  314 447  29  49  65 106 129 154 242 282 319 337 339 379 434 443 452 454\n",
      "  456 473 476 494]\n",
      " [229 462 428  36  10 381 423 463  42 327  84  60 441 496 450 323 230 113\n",
      "  202 203  29  49  65 106 129 154 242 282 319 337 339 379 434 443 452 454\n",
      "  456 473 476 494]\n",
      " [ 64 344 293  14 176  74 491 466 467 268 227 377 172 103 417 438 342 393\n",
      "  398 283  29  49  65 106 129 154 242 282 319 337 339 379 434 443 452 454\n",
      "  456 473 476 494]\n",
      " [384 430 493 111 244 274 375 182 320  71 267  41 177 135 110 492 402  88\n",
      "  424 207  29  49  65 106 129 154 242 282 319 337 339 379 434 443 452 454\n",
      "  456 473 476 494]\n",
      " [223 431  94 217  75 167 220 330 410 243 262 260 235  55 383 121 124 249\n",
      "  247 457  29  49  65 106 129 154 242 282 319 337 339 379 434 443 452 454\n",
      "  456 473 476 494]\n",
      " [ 30 426 464 451 256 335  98 187 208 164 287 352  27 285 218 170 442  54\n",
      "  105 134  29  49  65 106 129 154 242 282 319 337 339 379 434 443 452 454\n",
      "  456 473 476 494]]\n"
     ]
    }
   ],
   "source": [
    "all_features_2dim = np.reshape(all_features, [10,40])\n",
    "print(all_features_2dim.shape)\n",
    "print(all_features_2dim)"
   ]
  },
  {
   "cell_type": "code",
   "execution_count": 8,
   "metadata": {
    "collapsed": false
   },
   "outputs": [
    {
     "name": "stdout",
     "output_type": "stream",
     "text": [
      "[[ 16  24  29  49  61  65  82  99 106 127 129 137 150 154 157 173 190 224\n",
      "  238 242 251 264 282 319 337 339 379 408 422 434 443 452 453 454 456 469\n",
      "  473 476 484 494]\n",
      " [ 21  29  49  51  65  81  93 106 120 129 142 154 159 210 219 241 242 271\n",
      "  282 294 302 319 337 339 345 379 403 411 413 433 434 443 452 454 456 468\n",
      "  473 476 485 494]\n",
      " [ 13  25  29  34  49  65  76 106 109 129 133 152 154 201 206 242 279 282\n",
      "  296 319 324 329 337 339 355 379 394 397 409 434 439 443 452 454 456 473\n",
      "  476 486 489 494]\n",
      " [ 29  49  57  65  72  86 106 123 125 129 147 149 154 162 175 179 189 197\n",
      "  214 242 258 266 269 282 286 297 319 337 339 346 379 404 434 443 452 454\n",
      "  456 473 476 494]\n",
      " [ 17  29  49  52  65  68 106 114 118 122 129 154 161 242 282 301 314 319\n",
      "  337 339 357 370 379 396 401 407 434 443 447 452 454 456 459 472 473 476\n",
      "  483 494 499 500]\n",
      " [ 10  29  36  42  49  60  65  84 106 113 129 154 202 203 229 230 242 282\n",
      "  319 323 327 337 339 379 381 423 428 434 441 443 450 452 454 456 462 463\n",
      "  473 476 494 496]\n",
      " [ 14  29  49  64  65  74 103 106 129 154 172 176 227 242 268 282 283 293\n",
      "  319 337 339 342 344 377 379 393 398 417 434 438 443 452 454 456 466 467\n",
      "  473 476 491 494]\n",
      " [ 29  41  49  65  71  88 106 110 111 129 135 154 177 182 207 242 244 267\n",
      "  274 282 319 320 337 339 375 379 384 402 424 430 434 443 452 454 456 473\n",
      "  476 492 493 494]\n",
      " [ 29  49  55  65  75  94 106 121 124 129 154 167 217 220 223 235 242 243\n",
      "  247 249 260 262 282 319 330 337 339 379 383 410 431 434 443 452 454 456\n",
      "  457 473 476 494]\n",
      " [ 27  29  30  49  54  65  98 105 106 129 134 154 164 170 187 208 218 242\n",
      "  256 282 285 287 319 335 337 339 352 379 426 434 442 443 451 452 454 456\n",
      "  464 473 476 494]]\n"
     ]
    }
   ],
   "source": [
    "all_features_2dim.sort(axis=1)\n",
    "print(all_features_2dim)"
   ]
  },
  {
   "cell_type": "code",
   "execution_count": 9,
   "metadata": {
    "collapsed": true
   },
   "outputs": [],
   "source": [
    "np.save(\"TenMadelonModels.npy\", all_features_2dim)"
   ]
  },
  {
   "cell_type": "code",
   "execution_count": 10,
   "metadata": {
    "collapsed": false
   },
   "outputs": [
    {
     "name": "stdout",
     "output_type": "stream",
     "text": [
      "[[ 16  24  29  49  61  65  82  99 106 127 129 137 150 154 157 173 190 224\n",
      "  238 242 251 264 282 319 337 339 379 408 422 434 443 452 453 454 456 469\n",
      "  473 476 484 494]\n",
      " [ 21  29  49  51  65  81  93 106 120 129 142 154 159 210 219 241 242 271\n",
      "  282 294 302 319 337 339 345 379 403 411 413 433 434 443 452 454 456 468\n",
      "  473 476 485 494]\n",
      " [ 13  25  29  34  49  65  76 106 109 129 133 152 154 201 206 242 279 282\n",
      "  296 319 324 329 337 339 355 379 394 397 409 434 439 443 452 454 456 473\n",
      "  476 486 489 494]\n",
      " [ 29  49  57  65  72  86 106 123 125 129 147 149 154 162 175 179 189 197\n",
      "  214 242 258 266 269 282 286 297 319 337 339 346 379 404 434 443 452 454\n",
      "  456 473 476 494]\n",
      " [ 17  29  49  52  65  68 106 114 118 122 129 154 161 242 282 301 314 319\n",
      "  337 339 357 370 379 396 401 407 434 443 447 452 454 456 459 472 473 476\n",
      "  483 494 499 500]\n",
      " [ 10  29  36  42  49  60  65  84 106 113 129 154 202 203 229 230 242 282\n",
      "  319 323 327 337 339 379 381 423 428 434 441 443 450 452 454 456 462 463\n",
      "  473 476 494 496]\n",
      " [ 14  29  49  64  65  74 103 106 129 154 172 176 227 242 268 282 283 293\n",
      "  319 337 339 342 344 377 379 393 398 417 434 438 443 452 454 456 466 467\n",
      "  473 476 491 494]\n",
      " [ 29  41  49  65  71  88 106 110 111 129 135 154 177 182 207 242 244 267\n",
      "  274 282 319 320 337 339 375 379 384 402 424 430 434 443 452 454 456 473\n",
      "  476 492 493 494]\n",
      " [ 29  49  55  65  75  94 106 121 124 129 154 167 217 220 223 235 242 243\n",
      "  247 249 260 262 282 319 330 337 339 379 383 410 431 434 443 452 454 456\n",
      "  457 473 476 494]\n",
      " [ 27  29  30  49  54  65  98 105 106 129 134 154 164 170 187 208 218 242\n",
      "  256 282 285 287 319 335 337 339 352 379 426 434 442 443 451 452 454 456\n",
      "  464 473 476 494]]\n"
     ]
    }
   ],
   "source": [
    "check = np.load(\"TenMadelonModels.npy\")\n",
    "print(check)"
   ]
  },
  {
   "cell_type": "code",
   "execution_count": null,
   "metadata": {
    "collapsed": true
   },
   "outputs": [],
   "source": []
  }
 ],
 "metadata": {
  "anaconda-cloud": {},
  "celltoolbar": "Raw Cell Format",
  "kernelspec": {
   "display_name": "Python [default]",
   "language": "python",
   "name": "python2"
  },
  "language_info": {
   "codemirror_mode": {
    "name": "ipython",
    "version": 2
   },
   "file_extension": ".py",
   "mimetype": "text/x-python",
   "name": "python",
   "nbconvert_exporter": "python",
   "pygments_lexer": "ipython2",
   "version": "2.7.12"
  }
 },
 "nbformat": 4,
 "nbformat_minor": 0
}
