>GGTCANYTGAGGWCA	THRa(NR)/C17.2-THRa-ChIP-Seq(GSE38347)/Homer	7.772885	-7.290823	0	T:394.0(4.74%),B:902.6(3.91%),P:1e-3
0.129	0.001	0.771	0.099
0.055	0.012	0.786	0.147
0.031	0.139	0.259	0.571
0.069	0.667	0.118	0.146
0.723	0.091	0.077	0.109
0.212	0.226	0.219	0.343
0.179	0.377	0.214	0.230
0.059	0.290	0.084	0.567
0.288	0.199	0.449	0.064
0.693	0.001	0.291	0.015
0.001	0.001	0.997	0.001
0.006	0.002	0.957	0.035
0.338	0.171	0.104	0.387
0.063	0.738	0.105	0.094
0.812	0.043	0.053	0.092
