>ARAGGTCANWGAGTTCANNN	VDR(NR),DR3/GM10855-VDR+vitD-ChIP-Seq(GSE22484)/Homer	8.330473	-5.519079	0	T:163.0(1.96%),B:350.1(1.52%),P:1e-2
0.387	0.169	0.225	0.219
0.387	0.097	0.446	0.070
0.612	0.001	0.385	0.002
0.064	0.001	0.919	0.016
0.019	0.002	0.743	0.236
0.010	0.046	0.149	0.795
0.012	0.798	0.122	0.068
0.935	0.013	0.022	0.030
0.219	0.286	0.263	0.231
0.282	0.184	0.155	0.379
0.209	0.081	0.680	0.030
0.591	0.001	0.407	0.001
0.001	0.001	0.994	0.004
0.001	0.001	0.361	0.637
0.088	0.071	0.186	0.655
0.023	0.783	0.036	0.158
0.762	0.070	0.080	0.088
0.222	0.209	0.234	0.335
0.288	0.183	0.300	0.230
0.243	0.189	0.316	0.252
