>CTYTCTYTCTCTCTC	GAGA-repeat/SacCer-Promoters/Homer	4.874379	-28.066997	0	T:3843.0(46.26%),B:9634.1(41.75%),P:1e-12
0.091	0.563	0.083	0.263
0.083	0.075	0.064	0.778
0.075	0.495	0.075	0.355
0.057	0.069	0.057	0.817
0.103	0.615	0.074	0.208
0.022	0.088	0.064	0.826
0.084	0.488	0.048	0.380
0.070	0.152	0.060	0.718
0.066	0.754	0.040	0.140
0.062	0.101	0.061	0.776
0.048	0.777	0.049	0.126
0.035	0.053	0.065	0.847
0.065	0.735	0.062	0.138
0.065	0.092	0.069	0.774
0.104	0.503	0.066	0.327
