>CARTGGAGCGCRYTTGCATT	LIN-15B(Zf)/cElegans-L3-LIN15B-ChIP-Seq(modEncode)/Homer	9.943933	-5.064167	0	T:11.0(0.13%),B:9.7(0.04%),P:1e-2
0.018	0.939	0.018	0.025
0.632	0.054	0.289	0.025
0.478	0.041	0.355	0.127
0.027	0.138	0.016	0.819
0.382	0.007	0.606	0.005
0.014	0.004	0.981	0.001
0.839	0.011	0.149	0.001
0.001	0.001	0.997	0.001
0.001	0.997	0.001	0.001
0.078	0.001	0.920	0.001
0.054	0.817	0.018	0.111
0.414	0.029	0.530	0.027
0.109	0.421	0.111	0.360
0.061	0.023	0.002	0.914
0.009	0.009	0.002	0.980
0.068	0.018	0.837	0.077
0.032	0.898	0.020	0.050
0.550	0.084	0.115	0.251
0.147	0.244	0.176	0.432
0.240	0.240	0.113	0.407
