>KCCGGGTAAYRR	REB1/SacCer-Promoters/Homer	7.854875	-7.525211	0	T:159.0(1.91%),B:319.1(1.38%),P:1e-3
0.226	0.087	0.390	0.297
0.185	0.486	0.191	0.139
0.261	0.613	0.012	0.114
0.027	0.001	0.971	0.001
0.001	0.016	0.982	0.001
0.021	0.017	0.961	0.001
0.012	0.001	0.005	0.982
0.808	0.048	0.088	0.056
0.946	0.001	0.048	0.005
0.179	0.433	0.086	0.302
0.453	0.131	0.333	0.083
0.384	0.177	0.297	0.142
