>ACTTTCACTTTC	PRDM1(Zf)/Hela-PRDM1-ChIP-Seq(GSE31477)/Homer	7.912770	-9.954876	0	T:531.0(6.39%),B:1206.5(5.23%),P:1e-4
0.700	0.111	0.133	0.056
0.109	0.787	0.053	0.051
0.072	0.026	0.003	0.899
0.007	0.082	0.031	0.880
0.014	0.002	0.014	0.970
0.008	0.941	0.002	0.049
0.535	0.151	0.064	0.250
0.035	0.873	0.027	0.065
0.022	0.152	0.001	0.825
0.112	0.126	0.184	0.578
0.208	0.160	0.135	0.496
0.145	0.435	0.163	0.257
