>ATTTGCATAACAATG	OCT4-SOX2-TCF-NANOG(POU,Homeobox,HMG)/mES-Oct4-ChIP-Seq(GSE11431)/Homer	8.751420	-489.370277	0	T:1485.0(17.88%),B:1331.0(5.77%),P:1e-212
0.768	0.081	0.045	0.106
0.023	0.012	0.003	0.962
0.029	0.102	0.014	0.855
0.190	0.008	0.007	0.795
0.162	0.089	0.727	0.022
0.085	0.909	0.001	0.005
0.974	0.010	0.001	0.015
0.081	0.020	0.004	0.895
0.537	0.103	0.186	0.174
0.624	0.056	0.012	0.308
0.127	0.595	0.177	0.101
0.934	0.018	0.010	0.038
0.924	0.015	0.031	0.030
0.398	0.012	0.038	0.552
0.222	0.053	0.644	0.081
