>CTGGCAGSCTGCCA	Tlx?(NR)/NPC-H3K4me1-ChIP-Seq(GSE16256)/Homer	7.865087	-10.440927	0	T:449.0(5.41%),B:993.8(4.31%),P:1e-4
0.068	0.579	0.075	0.278
0.117	0.001	0.029	0.853
0.001	0.001	0.994	0.004
0.017	0.043	0.922	0.018
0.159	0.795	0.045	0.001
0.565	0.043	0.001	0.391
0.134	0.132	0.554	0.180
0.147	0.310	0.382	0.161
0.157	0.585	0.156	0.102
0.403	0.001	0.014	0.582
0.001	0.031	0.778	0.190
0.018	0.906	0.059	0.017
0.002	0.996	0.001	0.001
0.702	0.158	0.001	0.139
