>GCAGCCAAGCRTGACH	PAX5(Paired,Homeobox)/GM12878-PAX5-ChIP-Seq(GSE32465)/Homer	7.209436	-8.467897	0	T:338.0(4.07%),B:744.2(3.23%),P:1e-3
0.002	0.234	0.462	0.302
0.037	0.889	0.001	0.073
0.856	0.025	0.073	0.046
0.089	0.202	0.605	0.104
0.002	0.569	0.127	0.302
0.116	0.598	0.262	0.024
0.711	0.012	0.264	0.013
0.509	0.033	0.194	0.264
0.002	0.271	0.726	0.001
0.001	0.883	0.015	0.101
0.453	0.033	0.466	0.048
0.030	0.022	0.114	0.834
0.159	0.011	0.827	0.003
0.664	0.081	0.188	0.067
0.244	0.701	0.038	0.017
0.227	0.364	0.170	0.239
