>TGCATDWCAAAG	1-TGCATDWCAAAG	7.320858	-258.028745	0	T:1659.0(29.38%),B:704.4(12.37%),P:1e-112	Tpos:101.0,Tstd:45.7,Bpos:92.8,Bstd:72.2,StrandBias:-0.1,Multiplicity:1.18
0.232	0.017	0.031	0.720
0.240	0.175	0.568	0.017
0.224	0.774	0.001	0.001
0.847	0.079	0.001	0.073
0.162	0.085	0.015	0.738
0.344	0.136	0.207	0.314
0.516	0.019	0.001	0.464
0.056	0.563	0.300	0.081
0.971	0.009	0.001	0.019
0.980	0.001	0.018	0.001
0.588	0.001	0.031	0.380
0.235	0.045	0.670	0.050
>HHTCCTGCTGKG	2-HHTCCTGCTGKG	6.555117	-240.462692	0	T:1275.0(22.58%),B:461.6(8.11%),P:1e-104	Tpos:98.9,Tstd:42.0,Bpos:99.5,Bstd:51.0,StrandBias:0.2,Multiplicity:1.11
0.356	0.226	0.206	0.213
0.351	0.309	0.019	0.321
0.164	0.272	0.128	0.436
0.001	0.997	0.001	0.001
0.414	0.584	0.001	0.001
0.280	0.144	0.001	0.575
0.001	0.001	0.997	0.001
0.001	0.997	0.001	0.001
0.001	0.001	0.001	0.997
0.001	0.001	0.997	0.001
0.271	0.019	0.425	0.285
0.001	0.001	0.997	0.001
>VDAACAATGRNN	3-VDAACAATGRNN	6.631043	-161.315224	0	T:1546.0(27.38%),B:795.7(13.97%),P:1e-70	Tpos:99.0,Tstd:46.8,Bpos:106.4,Bstd:71.0,StrandBias:-0.0,Multiplicity:1.15
0.332	0.236	0.259	0.174
0.335	0.159	0.239	0.267
0.484	0.140	0.267	0.109
0.856	0.028	0.001	0.115
0.001	0.936	0.001	0.062
0.997	0.001	0.001	0.001
0.997	0.001	0.001	0.001
0.001	0.001	0.001	0.997
0.239	0.140	0.469	0.152
0.400	0.145	0.396	0.059
0.276	0.251	0.272	0.200
0.289	0.219	0.240	0.253
>GGTAATTAACMT	4-GGTAATTAACMT	4.825899	-146.217068	0	T:1650.0(29.22%),B:912.5(16.02%),P:1e-63	Tpos:101.1,Tstd:49.2,Bpos:94.5,Bstd:76.1,StrandBias:-0.0,Multiplicity:1.16
0.303	0.001	0.643	0.053
0.030	0.220	0.503	0.247
0.042	0.385	0.018	0.555
0.739	0.225	0.035	0.001
0.981	0.017	0.001	0.001
0.001	0.001	0.001	0.997
0.001	0.029	0.001	0.969
0.939	0.001	0.019	0.041
0.526	0.159	0.297	0.018
0.011	0.870	0.118	0.001
0.436	0.385	0.001	0.178
0.251	0.160	0.001	0.588
>NVATCAAAGGNN	5-NVATCAAAGGNN	7.336488	-88.144073	0	T:819.0(14.50%),B:398.1(6.99%),P:1e-38	Tpos:101.5,Tstd:48.2,Bpos:97.6,Bstd:63.3,StrandBias:0.1,Multiplicity:1.08
0.259	0.232	0.254	0.255
0.265	0.320	0.255	0.160
0.806	0.074	0.037	0.083
0.158	0.036	0.063	0.743
0.053	0.844	0.072	0.031
0.949	0.027	0.010	0.014
0.881	0.056	0.046	0.017
0.909	0.014	0.046	0.031
0.042	0.017	0.898	0.043
0.052	0.053	0.845	0.050
0.243	0.318	0.268	0.171
0.299	0.254	0.197	0.250
>AGATGCAAATAT	6-AGATGCAAATAT	10.837732	-39.241715	0	T:95.0(1.68%),B:12.3(0.22%),P:1e-17	Tpos:103.7,Tstd:55.0,Bpos:89.1,Bstd:44.1,StrandBias:0.2,Multiplicity:1.00
0.950	0.001	0.048	0.001
0.223	0.049	0.671	0.057
0.702	0.199	0.001	0.098
0.049	0.001	0.053	0.897
0.097	0.001	0.901	0.001
0.001	0.997	0.001	0.001
0.997	0.001	0.001	0.001
0.852	0.001	0.146	0.001
0.997	0.001	0.001	0.001
0.001	0.049	0.106	0.844
0.722	0.065	0.049	0.164
0.147	0.062	0.216	0.575
>AACTCCACAGGG	7-AACTCCACAGGG	7.462064	-36.064915	0	T:92.0(1.63%),B:13.8(0.24%),P:1e-15	Tpos:87.5,Tstd:43.3,Bpos:105.3,Bstd:49.1,StrandBias:-0.1,Multiplicity:1.00
0.600	0.200	0.133	0.067
0.600	0.001	0.266	0.133
0.001	0.997	0.001	0.001
0.001	0.001	0.001	0.997
0.001	0.997	0.001	0.001
0.001	0.997	0.001	0.001
0.997	0.001	0.001	0.001
0.001	0.997	0.001	0.001
0.997	0.001	0.001	0.001
0.001	0.001	0.997	0.001
0.001	0.001	0.997	0.001
0.133	0.067	0.533	0.267
>TTGAGTCAACAC	8-TTGAGTCAACAC	9.870146	-28.589045	0	T:81.0(1.43%),B:14.1(0.25%),P:1e-12	Tpos:107.9,Tstd:49.1,Bpos:122.9,Bstd:50.6,StrandBias:-0.3,Multiplicity:1.00
0.114	0.070	0.001	0.815
0.141	0.035	0.247	0.577
0.212	0.110	0.677	0.001
0.964	0.001	0.034	0.001
0.339	0.001	0.659	0.001
0.035	0.001	0.211	0.753
0.118	0.880	0.001	0.001
0.997	0.001	0.001	0.001
0.924	0.001	0.074	0.001
0.001	0.997	0.001	0.001
0.779	0.110	0.001	0.110
0.140	0.820	0.039	0.001
>YCCTGCTGTTHT	9-YCCTGCTGTTHT	10.798353	-28.545050	0	T:143.0(2.53%),B:47.4(0.83%),P:1e-12	Tpos:102.4,Tstd:45.0,Bpos:102.2,Bstd:61.3,StrandBias:0.3,Multiplicity:1.01
0.089	0.436	0.039	0.436
0.084	0.799	0.050	0.067
0.001	0.997	0.001	0.001
0.098	0.001	0.001	0.900
0.001	0.032	0.966	0.001
0.001	0.997	0.001	0.001
0.166	0.001	0.001	0.832
0.001	0.033	0.933	0.033
0.001	0.375	0.068	0.556
0.049	0.132	0.001	0.818
0.406	0.316	0.020	0.259
0.116	0.206	0.035	0.643
>CCCCCTGGGGTT	10-CCCCCTGGGGTT	7.135419	-27.478209	0	T:653.0(11.56%),B:437.1(7.68%),P:1e-11	Tpos:97.0,Tstd:48.2,Bpos:99.2,Bstd:47.3,StrandBias:0.2,Multiplicity:1.07
0.048	0.827	0.042	0.083
0.041	0.824	0.027	0.108
0.089	0.767	0.055	0.089
0.041	0.897	0.007	0.055
0.069	0.869	0.034	0.028
0.068	0.021	0.076	0.835
0.027	0.027	0.932	0.014
0.048	0.062	0.794	0.096
0.063	0.021	0.874	0.042
0.041	0.082	0.822	0.055
0.076	0.123	0.049	0.752
0.041	0.068	0.073	0.818
>GCCTTTAGAAAC	11-GCCTTTAGAAAC	9.737715	-26.459945	0	T:58.0(1.03%),B:6.7(0.12%),P:1e-11	Tpos:95.8,Tstd:49.5,Bpos:107.8,Bstd:63.2,StrandBias:0.2,Multiplicity:1.03
0.070	0.035	0.872	0.023
0.069	0.804	0.069	0.058
0.093	0.838	0.023	0.046
0.068	0.105	0.035	0.792
0.046	0.012	0.047	0.895
0.035	0.058	0.046	0.861
0.792	0.046	0.069	0.093
0.081	0.058	0.826	0.035
0.883	0.093	0.012	0.012
0.861	0.023	0.069	0.047
0.837	0.070	0.035	0.058
0.093	0.756	0.069	0.082
>CATGTGGTCCTD	12-CATGTGGTCCTD	9.863891	-25.190637	0	T:61.0(1.08%),B:8.3(0.15%),P:1e-10	Tpos:93.1,Tstd:58.8,Bpos:110.6,Bstd:44.7,StrandBias:0.5,Multiplicity:1.02
0.080	0.852	0.067	0.001
0.715	0.183	0.017	0.085
0.128	0.055	0.188	0.629
0.038	0.051	0.843	0.068
0.059	0.030	0.106	0.805
0.064	0.034	0.779	0.123
0.153	0.119	0.630	0.098
0.001	0.101	0.050	0.848
0.001	0.685	0.259	0.055
0.051	0.829	0.001	0.119
0.064	0.251	0.026	0.659
0.375	0.145	0.238	0.242
>TGGGGGAGGGGA	13-TGGGGGAGGGGA	12.161887	-24.803833	0	T:105.0(1.86%),B:30.8(0.54%),P:1e-10	Tpos:99.6,Tstd:53.3,Bpos:91.5,Bstd:39.6,StrandBias:0.0,Multiplicity:1.02
0.001	0.097	0.097	0.805
0.051	0.017	0.931	0.001
0.001	0.001	0.997	0.001
0.001	0.001	0.997	0.001
0.001	0.001	0.997	0.001
0.033	0.001	0.965	0.001
0.913	0.085	0.001	0.001
0.001	0.001	0.948	0.050
0.050	0.001	0.948	0.001
0.028	0.017	0.954	0.001
0.051	0.017	0.915	0.017
0.757	0.142	0.001	0.100
>GTAGGAGCCTAA	14-GTAGGAGCCTAA	8.338267	-24.354254	0	T:169.0(2.99%),B:70.6(1.24%),P:1e-10	Tpos:109.2,Tstd:57.3,Bpos:99.7,Bstd:61.3,StrandBias:-0.2,Multiplicity:1.03
0.188	0.001	0.780	0.031
0.162	0.066	0.006	0.766
0.774	0.001	0.194	0.031
0.030	0.001	0.968	0.001
0.031	0.032	0.936	0.001
0.875	0.001	0.092	0.032
0.096	0.001	0.811	0.092
0.220	0.460	0.218	0.102
0.001	0.836	0.031	0.132
0.064	0.033	0.031	0.872
0.809	0.033	0.156	0.002
0.843	0.064	0.062	0.031
>CAGGGATCTTTT	15-CAGGGATCTTTT	8.037446	-24.338505	0	T:46.0(0.81%),B:3.5(0.06%),P:1e-10	Tpos:100.5,Tstd:50.9,Bpos:98.1,Bstd:64.2,StrandBias:0.3,Multiplicity:1.00
0.225	0.377	0.211	0.186
0.632	0.095	0.123	0.150
0.139	0.068	0.674	0.119
0.135	0.085	0.643	0.137
0.149	0.139	0.599	0.113
0.563	0.156	0.141	0.140
0.131	0.132	0.159	0.578
0.107	0.609	0.135	0.149
0.125	0.127	0.075	0.673
0.098	0.123	0.126	0.653
0.118	0.134	0.127	0.621
0.206	0.216	0.199	0.378
>CCAGGAATGTCT	16-CCAGGAATGTCT	12.403981	-23.836128	0	T:42.0(0.74%),B:2.4(0.04%),P:1e-10	Tpos:101.8,Tstd:47.9,Bpos:101.2,Bstd:16.2,StrandBias:-0.1,Multiplicity:1.00
0.034	0.863	0.034	0.069
0.068	0.897	0.001	0.034
0.896	0.001	0.001	0.102
0.034	0.001	0.931	0.034
0.013	0.001	0.985	0.001
0.863	0.034	0.069	0.034
0.965	0.001	0.001	0.033
0.034	0.001	0.034	0.931
0.001	0.034	0.931	0.034
0.001	0.001	0.001	0.997
0.034	0.931	0.034	0.001
0.001	0.001	0.001	0.997
>TGAGGCTTCATC	17-TGAGGCTTCATC	11.873927	-22.526544	0	T:40.0(0.71%),B:2.6(0.05%),P:1e-9	Tpos:98.8,Tstd:47.1,Bpos:93.8,Bstd:18.5,StrandBias:-0.2,Multiplicity:1.00
0.001	0.001	0.269	0.729
0.211	0.001	0.787	0.001
0.997	0.001	0.001	0.001
0.001	0.001	0.997	0.001
0.131	0.001	0.742	0.126
0.020	0.742	0.001	0.237
0.001	0.001	0.001	0.997
0.001	0.001	0.001	0.997
0.211	0.787	0.001	0.001
0.959	0.020	0.001	0.020
0.001	0.001	0.105	0.893
0.001	0.893	0.001	0.105
>CAGTCTATTCTC	18-CAGTCTATTCTC	11.229749	-22.475997	0	T:46.0(0.81%),B:4.0(0.07%),P:1e-9	Tpos:91.7,Tstd:46.8,Bpos:114.6,Bstd:11.7,StrandBias:1.0,Multiplicity:1.00
0.001	0.833	0.083	0.083
0.615	0.130	0.001	0.254
0.198	0.088	0.713	0.001
0.075	0.083	0.083	0.759
0.001	0.917	0.074	0.008
0.074	0.001	0.001	0.924
0.758	0.075	0.092	0.075
0.001	0.008	0.001	0.990
0.001	0.001	0.001	0.997
0.075	0.813	0.103	0.009
0.001	0.001	0.001	0.997
0.001	0.766	0.008	0.225
>TTCCTGCTAGAC	19-TTCCTGCTAGAC	7.313069	-20.880992	0	T:91.0(1.61%),B:27.7(0.49%),P:1e-9	Tpos:111.9,Tstd:53.5,Bpos:112.4,Bstd:63.4,StrandBias:0.4,Multiplicity:1.00
0.001	0.001	0.001	0.997
0.001	0.052	0.001	0.946
0.001	0.895	0.052	0.052
0.052	0.946	0.001	0.001
0.001	0.001	0.001	0.997
0.001	0.001	0.946	0.052
0.001	0.895	0.052	0.052
0.001	0.052	0.001	0.946
0.895	0.001	0.052	0.052
0.052	0.001	0.946	0.001
0.946	0.052	0.001	0.001
0.001	0.997	0.001	0.001
>GTTATGSAAATG	20-GTTATGSAAATG	11.085952	-20.760054	0	T:60.0(1.06%),B:11.6(0.20%),P:1e-9	Tpos:89.6,Tstd:48.7,Bpos:184.0,Bstd:0.0,StrandBias:1.2,Multiplicity:1.00
0.001	0.001	0.997	0.001
0.001	0.239	0.001	0.759
0.133	0.185	0.184	0.497
0.744	0.001	0.001	0.254
0.216	0.001	0.001	0.782
0.001	0.001	0.980	0.018
0.134	0.281	0.416	0.169
0.762	0.018	0.018	0.202
0.795	0.001	0.203	0.001
0.980	0.018	0.001	0.001
0.018	0.001	0.344	0.637
0.384	0.054	0.542	0.020
>AGACTCTCAGTT	21-AGACTCTCAGTT	11.002525	-20.524790	0	T:40.0(0.71%),B:3.3(0.06%),P:1e-8	Tpos:122.3,Tstd:49.2,Bpos:154.4,Bstd:17.2,StrandBias:-0.6,Multiplicity:1.03
0.997	0.001	0.001	0.001
0.205	0.001	0.793	0.001
0.696	0.049	0.206	0.049
0.049	0.803	0.001	0.147
0.001	0.001	0.001	0.997
0.001	0.997	0.001	0.001
0.001	0.048	0.001	0.950
0.001	0.901	0.049	0.049
0.891	0.001	0.001	0.107
0.049	0.049	0.853	0.049
0.049	0.216	0.049	0.686
0.048	0.001	0.001	0.950
>GTTTTTGTTCTC	22-GTTTTTGTTCTC	11.136299	-19.661008	0	T:49.0(0.87%),B:8.0(0.14%),P:1e-8	Tpos:94.5,Tstd:55.4,Bpos:73.1,Bstd:79.5,StrandBias:-0.2,Multiplicity:1.00
0.001	0.108	0.890	0.001
0.054	0.217	0.001	0.728
0.054	0.054	0.054	0.838
0.001	0.001	0.001	0.997
0.001	0.001	0.001	0.997
0.001	0.054	0.054	0.891
0.001	0.053	0.945	0.001
0.001	0.001	0.053	0.945
0.001	0.053	0.001	0.945
0.001	0.997	0.001	0.001
0.053	0.001	0.001	0.945
0.001	0.779	0.054	0.166
>TTATTTAGCACA	23-TTATTTAGCACA	10.251254	-19.618363	0	T:44.0(0.78%),B:6.0(0.10%),P:1e-8	Tpos:108.2,Tstd:52.0,Bpos:16.4,Bstd:4.4,StrandBias:-0.4,Multiplicity:1.00
0.031	0.093	0.062	0.814
0.037	0.068	0.047	0.848
0.776	0.125	0.068	0.031
0.016	0.001	0.093	0.890
0.078	0.031	0.047	0.844
0.016	0.126	0.053	0.805
0.893	0.001	0.013	0.093
0.078	0.047	0.828	0.047
0.047	0.827	0.047	0.079
0.884	0.062	0.001	0.053
0.138	0.753	0.062	0.047
0.860	0.077	0.001	0.062
>GCCAAGTGCTAA	24-GCCAAGTGCTAA	12.620554	-17.983772	0	T:33.0(0.58%),B:2.2(0.04%),P:1e-7	Tpos:89.1,Tstd:42.1,Bpos:36.0,Bstd:0.0,StrandBias:-0.2,Multiplicity:1.00
0.039	0.001	0.959	0.001
0.001	0.997	0.001	0.001
0.040	0.919	0.040	0.001
0.997	0.001	0.001	0.001
0.919	0.001	0.079	0.001
0.001	0.039	0.959	0.001
0.001	0.039	0.001	0.959
0.040	0.040	0.880	0.040
0.040	0.919	0.001	0.040
0.001	0.039	0.001	0.959
0.879	0.001	0.040	0.080
0.879	0.080	0.001	0.040
>CCATTCATTCCT	25-CCATTCATTCCT	10.347329	-17.010267	0	T:42.0(0.74%),B:6.1(0.11%),P:1e-7	Tpos:88.8,Tstd:50.4,Bpos:85.5,Bstd:18.6,StrandBias:-0.2,Multiplicity:1.00
0.031	0.772	0.114	0.083
0.041	0.885	0.021	0.053
0.937	0.021	0.010	0.032
0.041	0.053	0.042	0.864
0.052	0.042	0.073	0.833
0.052	0.834	0.041	0.073
0.812	0.042	0.021	0.125
0.021	0.063	0.083	0.833
0.032	0.062	0.062	0.844
0.073	0.811	0.084	0.032
0.053	0.842	0.010	0.095
0.084	0.104	0.063	0.749
