>ACHCAGCAGG	1-ACHCAGCAGG	7.165087	-258.912373	0	T:1808.0(32.02%),B:815.0(14.31%),P:1e-112	Tpos:100.3,Tstd:43.2,Bpos:98.9,Bstd:53.6,StrandBias:-0.1,Multiplicity:1.18
0.449	0.055	0.258	0.238
0.216	0.776	0.007	0.001
0.268	0.308	0.141	0.284
0.001	0.929	0.001	0.069
0.791	0.001	0.053	0.155
0.071	0.001	0.927	0.001
0.001	0.859	0.001	0.139
0.550	0.025	0.265	0.160
0.001	0.012	0.814	0.173
0.001	0.001	0.997	0.001
>NNYCWTTGTB	2-NNYCWTTGTB	6.923955	-241.982852	0	T:2192.0(38.82%),B:1153.0(20.25%),P:1e-105	Tpos:99.8,Tstd:47.9,Bpos:100.5,Bstd:64.9,StrandBias:-0.0,Multiplicity:1.25
0.197	0.236	0.313	0.254
0.185	0.283	0.288	0.244
0.001	0.420	0.257	0.323
0.001	0.661	0.001	0.337
0.522	0.001	0.001	0.476
0.001	0.001	0.001	0.997
0.001	0.001	0.001	0.997
0.014	0.083	0.902	0.001
0.361	0.001	0.001	0.637
0.001	0.289	0.297	0.412
>TTGTTATGCA	3-TTGTTATGCA	7.089564	-206.334092	0	T:1340.0(23.73%),B:557.7(9.79%),P:1e-89	Tpos:100.5,Tstd:47.0,Bpos:97.5,Bstd:68.6,StrandBias:0.1,Multiplicity:1.13
0.008	0.040	0.024	0.928
0.030	0.001	0.015	0.954
0.094	0.181	0.711	0.014
0.295	0.029	0.029	0.647
0.149	0.190	0.120	0.541
0.613	0.113	0.076	0.198
0.173	0.001	0.013	0.813
0.030	0.032	0.697	0.241
0.062	0.632	0.100	0.206
0.752	0.060	0.002	0.186
>YTAATKGCCH	4-YTAATKGCCH	5.723401	-205.984850	0	T:2499.0(44.25%),B:1496.1(26.27%),P:1e-89	Tpos:100.5,Tstd:48.2,Bpos:100.0,Bstd:70.0,StrandBias:0.0,Multiplicity:1.32
0.001	0.444	0.058	0.497
0.047	0.107	0.073	0.773
0.607	0.008	0.384	0.001
0.997	0.001	0.001	0.001
0.220	0.074	0.172	0.534
0.050	0.001	0.410	0.539
0.318	0.001	0.680	0.001
0.001	0.561	0.313	0.125
0.001	0.589	0.001	0.409
0.196	0.325	0.139	0.341
>CACTTCAAAG	5-CACTTCAAAG	7.474265	-104.800272	0	T:593.0(10.50%),B:213.7(3.75%),P:1e-45	Tpos:98.1,Tstd:49.0,Bpos:92.2,Bstd:69.7,StrandBias:-0.2,Multiplicity:1.05
0.071	0.792	0.066	0.071
0.792	0.067	0.029	0.112
0.104	0.724	0.075	0.097
0.148	0.031	0.028	0.793
0.061	0.079	0.020	0.840
0.046	0.776	0.100	0.078
0.902	0.032	0.015	0.051
0.789	0.109	0.080	0.022
0.873	0.017	0.036	0.074
0.116	0.086	0.725	0.073
>GTTAATCWCY	6-GTTAATCWCY	6.522090	-80.643513	0	T:1058.0(18.74%),B:599.6(10.53%),P:1e-35	Tpos:96.4,Tstd:51.6,Bpos:102.4,Bstd:75.4,StrandBias:0.0,Multiplicity:1.08
0.018	0.240	0.501	0.241
0.023	0.356	0.012	0.609
0.105	0.019	0.013	0.863
0.913	0.007	0.071	0.009
0.848	0.001	0.010	0.141
0.040	0.044	0.105	0.811
0.007	0.790	0.114	0.089
0.450	0.089	0.001	0.460
0.044	0.736	0.104	0.116
0.243	0.316	0.001	0.440
>NNATGAAWGG	7-NNATGAAWGG	6.605229	-75.984543	0	T:1265.0(22.40%),B:781.5(13.72%),P:1e-32	Tpos:99.5,Tstd:52.6,Bpos:101.5,Bstd:71.8,StrandBias:0.1,Multiplicity:1.11
0.249	0.161	0.282	0.308
0.225	0.285	0.262	0.228
0.451	0.292	0.047	0.210
0.143	0.001	0.001	0.855
0.115	0.001	0.804	0.080
0.997	0.001	0.001	0.001
0.856	0.001	0.142	0.001
0.465	0.001	0.001	0.533
0.283	0.001	0.667	0.049
0.001	0.129	0.747	0.123
>CCCCDGGGAG	8-CCCCDGGGAG	8.005652	-64.629279	0	T:751.0(13.30%),B:401.2(7.04%),P:1e-28	Tpos:97.8,Tstd:49.7,Bpos:97.8,Bstd:47.7,StrandBias:0.0,Multiplicity:1.09
0.157	0.512	0.001	0.330
0.001	0.997	0.001	0.001
0.183	0.815	0.001	0.001
0.001	0.591	0.001	0.407
0.355	0.001	0.392	0.251
0.001	0.001	0.732	0.266
0.214	0.001	0.600	0.185
0.001	0.001	0.997	0.001
0.566	0.001	0.282	0.151
0.001	0.001	0.978	0.020
>ATGHTAATGG	9-ATGHTAATGG	8.178019	-60.167258	0	T:464.0(8.22%),B:202.9(3.56%),P:1e-26	Tpos:102.3,Tstd:51.3,Bpos:98.5,Bstd:71.6,StrandBias:-0.1,Multiplicity:1.05
0.685	0.001	0.313	0.001
0.260	0.001	0.001	0.738
0.001	0.001	0.839	0.159
0.404	0.258	0.065	0.274
0.001	0.001	0.173	0.825
0.990	0.001	0.001	0.008
0.997	0.001	0.001	0.001
0.386	0.001	0.001	0.612
0.222	0.001	0.633	0.144
0.254	0.001	0.744	0.001
>CCTGCTRGSA	10-CCTGCTRGSA	9.141756	-57.339429	0	T:314.0(5.56%),B:109.6(1.92%),P:1e-24	Tpos:99.3,Tstd:50.5,Bpos:91.0,Bstd:57.2,StrandBias:0.3,Multiplicity:1.01
0.086	0.902	0.011	0.001
0.081	0.789	0.001	0.129
0.183	0.153	0.001	0.663
0.001	0.001	0.997	0.001
0.108	0.716	0.001	0.175
0.001	0.295	0.001	0.703
0.480	0.001	0.518	0.001
0.179	0.001	0.819	0.001
0.088	0.439	0.472	0.001
0.997	0.001	0.001	0.001
>TAATCAGCAC	11-TAATCAGCAC	7.193469	-49.554532	0	T:376.0(6.66%),B:163.0(2.86%),P:1e-21	Tpos:104.6,Tstd:51.2,Bpos:88.3,Bstd:66.1,StrandBias:-0.2,Multiplicity:1.03
0.099	0.123	0.035	0.743
0.773	0.077	0.098	0.052
0.815	0.065	0.051	0.069
0.059	0.069	0.066	0.806
0.046	0.828	0.051	0.075
0.829	0.043	0.035	0.093
0.065	0.041	0.799	0.095
0.030	0.838	0.082	0.050
0.833	0.044	0.043	0.080
0.097	0.738	0.063	0.102
>TCTATTGTAA	12-TCTATTGTAA	7.138708	-38.655482	0	T:503.0(8.91%),B:279.8(4.91%),P:1e-16	Tpos:101.1,Tstd:54.9,Bpos:111.0,Bstd:75.2,StrandBias:0.2,Multiplicity:1.06
0.058	0.077	0.087	0.778
0.041	0.740	0.131	0.088
0.097	0.065	0.031	0.807
0.722	0.068	0.032	0.178
0.075	0.048	0.034	0.843
0.031	0.007	0.055	0.907
0.028	0.090	0.778	0.104
0.051	0.037	0.086	0.826
0.792	0.109	0.051	0.048
0.813	0.042	0.055	0.090
>CHCCTGKGGT	13-CHCCTGKGGT	6.991398	-37.778902	0	T:363.0(6.43%),B:177.1(3.11%),P:1e-16	Tpos:93.7,Tstd:49.1,Bpos:110.0,Bstd:52.3,StrandBias:-0.2,Multiplicity:1.03
0.004	0.745	0.241	0.010
0.378	0.250	0.037	0.335
0.118	0.575	0.192	0.115
0.241	0.540	0.003	0.216
0.009	0.003	0.006	0.982
0.009	0.011	0.796	0.184
0.140	0.057	0.338	0.464
0.234	0.119	0.439	0.208
0.242	0.007	0.552	0.199
0.224	0.257	0.105	0.415
>CAGCTAATCG	14-CAGCTAATCG	7.040075	-37.149074	0	T:81.0(1.43%),B:8.6(0.15%),P:1e-16	Tpos:92.9,Tstd:47.3,Bpos:75.0,Bstd:20.3,StrandBias:-0.1,Multiplicity:1.02
0.223	0.521	0.149	0.107
0.707	0.004	0.001	0.288
0.034	0.133	0.607	0.226
0.248	0.442	0.129	0.181
0.036	0.217	0.181	0.566
0.767	0.001	0.046	0.186
0.749	0.057	0.193	0.001
0.065	0.156	0.198	0.581
0.201	0.433	0.166	0.199
0.042	0.027	0.691	0.240
>DCSTGTGGWG	15-DCSTGTGGWG	8.237661	-36.539627	0	T:141.0(2.50%),B:36.9(0.65%),P:1e-15	Tpos:103.4,Tstd:53.3,Bpos:82.3,Bstd:39.1,StrandBias:0.0,Multiplicity:1.01
0.403	0.001	0.285	0.311
0.328	0.496	0.012	0.164
0.212	0.368	0.418	0.001
0.001	0.329	0.001	0.669
0.168	0.001	0.830	0.001
0.053	0.032	0.133	0.782
0.155	0.001	0.843	0.001
0.160	0.114	0.725	0.001
0.353	0.044	0.123	0.480
0.069	0.141	0.754	0.036
>TAATGGTGCG	16-TAATGGTGCG	7.242318	-32.858992	0	T:122.0(2.16%),B:30.7(0.54%),P:1e-14	Tpos:96.9,Tstd:50.8,Bpos:103.8,Bstd:64.2,StrandBias:-0.1,Multiplicity:1.00
0.134	0.106	0.088	0.672
0.807	0.118	0.067	0.008
0.764	0.060	0.073	0.103
0.104	0.045	0.117	0.734
0.067	0.024	0.785	0.124
0.169	0.140	0.623	0.068
0.180	0.089	0.201	0.530
0.056	0.097	0.774	0.073
0.098	0.583	0.163	0.156
0.134	0.148	0.529	0.189
>CTCACAGTGG	17-CTCACAGTGG	8.245403	-32.314957	0	T:167.0(2.96%),B:56.5(0.99%),P:1e-14	Tpos:107.7,Tstd:51.5,Bpos:125.3,Bstd:45.9,StrandBias:0.1,Multiplicity:1.00
0.064	0.841	0.001	0.094
0.064	0.001	0.064	0.871
0.001	0.997	0.001	0.001
0.895	0.001	0.032	0.072
0.001	0.967	0.001	0.031
0.967	0.001	0.031	0.001
0.001	0.056	0.927	0.016
0.104	0.001	0.001	0.894
0.016	0.001	0.932	0.051
0.001	0.051	0.856	0.092
>TTTGCATTTG	18-TTTGCATTTG	10.186846	-32.066136	0	T:94.0(1.66%),B:17.9(0.31%),P:1e-13	Tpos:95.0,Tstd:52.7,Bpos:109.9,Bstd:47.0,StrandBias:0.1,Multiplicity:1.00
0.001	0.062	0.001	0.936
0.025	0.001	0.001	0.973
0.001	0.044	0.026	0.929
0.001	0.001	0.997	0.001
0.001	0.997	0.001	0.001
0.997	0.001	0.001	0.001
0.001	0.077	0.001	0.921
0.001	0.198	0.001	0.800
0.130	0.001	0.001	0.868
0.001	0.001	0.997	0.001
>TGAGTTAACA	19-TGAGTTAACA	8.651117	-27.698517	0	T:146.0(2.59%),B:50.7(0.89%),P:1e-12	Tpos:103.6,Tstd:54.2,Bpos:93.4,Bstd:76.1,StrandBias:-0.3,Multiplicity:1.07
0.001	0.001	0.070	0.928
0.018	0.035	0.929	0.018
0.926	0.017	0.056	0.001
0.124	0.001	0.840	0.035
0.001	0.001	0.001	0.997
0.211	0.199	0.001	0.589
0.964	0.001	0.034	0.001
0.981	0.017	0.001	0.001
0.018	0.893	0.071	0.018
0.946	0.018	0.018	0.018
>CCCACTGAGC	20-CCCACTGAGC	9.485883	-26.022103	0	T:137.0(2.43%),B:47.7(0.84%),P:1e-11	Tpos:105.3,Tstd:45.4,Bpos:99.1,Bstd:45.5,StrandBias:-0.1,Multiplicity:1.00
0.034	0.964	0.001	0.001
0.067	0.810	0.035	0.088
0.034	0.964	0.001	0.001
0.937	0.027	0.001	0.035
0.001	0.957	0.007	0.035
0.130	0.007	0.018	0.845
0.001	0.001	0.997	0.001
0.838	0.017	0.001	0.144
0.017	0.001	0.939	0.043
0.056	0.796	0.147	0.001
>GATCTTTAAC	21-GATCTTTAAC	7.463907	-24.891176	0	T:72.0(1.28%),B:13.3(0.23%),P:1e-10	Tpos:100.9,Tstd:52.3,Bpos:124.2,Bstd:50.9,StrandBias:-0.6,Multiplicity:1.02
0.043	0.247	0.662	0.048
0.719	0.059	0.024	0.198
0.245	0.029	0.221	0.505
0.034	0.716	0.036	0.214
0.245	0.024	0.188	0.543
0.019	0.160	0.039	0.782
0.162	0.092	0.179	0.567
0.617	0.191	0.034	0.158
0.553	0.064	0.162	0.221
0.197	0.725	0.046	0.032
>GGTCTCTAAG	22-GGTCTCTAAG	8.046941	-22.522157	0	T:91.0(1.61%),B:25.0(0.44%),P:1e-9	Tpos:97.0,Tstd:58.0,Bpos:77.6,Bstd:55.5,StrandBias:0.1,Multiplicity:1.00
0.206	0.012	0.660	0.122
0.023	0.129	0.832	0.016
0.141	0.023	0.142	0.694
0.128	0.668	0.150	0.054
0.150	0.119	0.012	0.719
0.006	0.847	0.107	0.040
0.129	0.057	0.020	0.794
0.731	0.001	0.072	0.196
0.730	0.132	0.112	0.026
0.115	0.202	0.519	0.164
>GTAAATGGTT	23-GTAAATGGTT	10.262357	-20.488939	0	T:48.0(0.85%),B:6.7(0.12%),P:1e-8	Tpos:102.7,Tstd:46.7,Bpos:74.2,Bstd:63.3,StrandBias:-0.1,Multiplicity:1.00
0.001	0.001	0.997	0.001
0.001	0.001	0.024	0.974
0.974	0.024	0.001	0.001
0.924	0.001	0.074	0.001
0.989	0.001	0.001	0.009
0.075	0.001	0.025	0.899
0.001	0.025	0.949	0.025
0.001	0.001	0.675	0.323
0.075	0.037	0.126	0.762
0.075	0.025	0.001	0.899
>TCCATACCAA	24-TCCATACCAA	9.489813	-18.787238	0	T:40.0(0.71%),B:4.3(0.08%),P:1e-8	Tpos:100.5,Tstd:57.8,Bpos:100.0,Bstd:56.5,StrandBias:-0.2,Multiplicity:1.00
0.001	0.001	0.001	0.997
0.001	0.961	0.001	0.037
0.038	0.923	0.038	0.001
0.735	0.189	0.001	0.075
0.075	0.091	0.001	0.833
0.773	0.113	0.001	0.113
0.001	0.997	0.001	0.001
0.113	0.885	0.001	0.001
0.961	0.037	0.001	0.001
0.923	0.038	0.038	0.001
>AACGATGATT	25-AACGATGATT	8.184812	-12.474778	0	T:36.0(0.64%),B:7.5(0.13%),P:1e-5	Tpos:93.0,Tstd:56.6,Bpos:64.1,Bstd:50.8,StrandBias:-0.1,Multiplicity:1.03
0.826	0.118	0.001	0.055
0.825	0.065	0.046	0.064
0.048	0.721	0.111	0.120
0.120	0.056	0.714	0.110
0.753	0.083	0.073	0.091
0.037	0.055	0.091	0.817
0.055	0.037	0.817	0.091
0.763	0.146	0.073	0.018
0.019	0.064	0.055	0.862
0.046	0.018	0.019	0.917
