>ACHCAGCAGG	1-ACHCAGCAGG	7.165087	-258.912373	0	T:1808.0(32.02%),B:815.0(14.31%),P:1e-112	Tpos:100.3,Tstd:43.2,Bpos:98.9,Bstd:53.6,StrandBias:-0.1,Multiplicity:1.18
0.449	0.055	0.258	0.238
0.216	0.776	0.007	0.001
0.268	0.308	0.141	0.284
0.001	0.929	0.001	0.069
0.791	0.001	0.053	0.155
0.071	0.001	0.927	0.001
0.001	0.859	0.001	0.139
0.550	0.025	0.265	0.160
0.001	0.012	0.814	0.173
0.001	0.001	0.997	0.001
>NNYCWTTGTB	2-NNYCWTTGTB	6.923955	-241.982852	0	T:2192.0(38.82%),B:1153.0(20.25%),P:1e-105	Tpos:99.8,Tstd:47.9,Bpos:100.5,Bstd:64.9,StrandBias:-0.0,Multiplicity:1.25
0.197	0.236	0.313	0.254
0.185	0.283	0.288	0.244
0.001	0.420	0.257	0.323
0.001	0.661	0.001	0.337
0.522	0.001	0.001	0.476
0.001	0.001	0.001	0.997
0.001	0.001	0.001	0.997
0.014	0.083	0.902	0.001
0.361	0.001	0.001	0.637
0.001	0.289	0.297	0.412
>TTGTTATGCA	3-TTGTTATGCA	7.089564	-206.334092	0	T:1340.0(23.73%),B:557.7(9.79%),P:1e-89	Tpos:100.5,Tstd:47.0,Bpos:97.5,Bstd:68.6,StrandBias:0.1,Multiplicity:1.13
0.008	0.040	0.024	0.928
0.030	0.001	0.015	0.954
0.094	0.181	0.711	0.014
0.295	0.029	0.029	0.647
0.149	0.190	0.120	0.541
0.613	0.113	0.076	0.198
0.173	0.001	0.013	0.813
0.030	0.032	0.697	0.241
0.062	0.632	0.100	0.206
0.752	0.060	0.002	0.186
>YTAATKGCCH	4-YTAATKGCCH	5.723401	-205.984850	0	T:2499.0(44.25%),B:1496.1(26.27%),P:1e-89	Tpos:100.5,Tstd:48.2,Bpos:100.0,Bstd:70.0,StrandBias:0.0,Multiplicity:1.32
0.001	0.444	0.058	0.497
0.047	0.107	0.073	0.773
0.607	0.008	0.384	0.001
0.997	0.001	0.001	0.001
0.220	0.074	0.172	0.534
0.050	0.001	0.410	0.539
0.318	0.001	0.680	0.001
0.001	0.561	0.313	0.125
0.001	0.589	0.001	0.409
0.196	0.325	0.139	0.341
>CACTTCAAAG	5-CACTTCAAAG	7.474265	-104.800272	0	T:593.0(10.50%),B:213.7(3.75%),P:1e-45	Tpos:98.1,Tstd:49.0,Bpos:92.2,Bstd:69.7,StrandBias:-0.2,Multiplicity:1.05
0.071	0.792	0.066	0.071
0.792	0.067	0.029	0.112
0.104	0.724	0.075	0.097
0.148	0.031	0.028	0.793
0.061	0.079	0.020	0.840
0.046	0.776	0.100	0.078
0.902	0.032	0.015	0.051
0.789	0.109	0.080	0.022
0.873	0.017	0.036	0.074
0.116	0.086	0.725	0.073
>GTTAATCWCY	6-GTTAATCWCY	6.522090	-80.643513	0	T:1058.0(18.74%),B:599.6(10.53%),P:1e-35	Tpos:96.4,Tstd:51.6,Bpos:102.4,Bstd:75.4,StrandBias:0.0,Multiplicity:1.08
0.018	0.240	0.501	0.241
0.023	0.356	0.012	0.609
0.105	0.019	0.013	0.863
0.913	0.007	0.071	0.009
0.848	0.001	0.010	0.141
0.040	0.044	0.105	0.811
0.007	0.790	0.114	0.089
0.450	0.089	0.001	0.460
0.044	0.736	0.104	0.116
0.243	0.316	0.001	0.440
>NNATGAAWGG	7-NNATGAAWGG	6.605229	-75.984543	0	T:1265.0(22.40%),B:781.5(13.72%),P:1e-32	Tpos:99.5,Tstd:52.6,Bpos:101.5,Bstd:71.8,StrandBias:0.1,Multiplicity:1.11
0.249	0.161	0.282	0.308
0.225	0.285	0.262	0.228
0.451	0.292	0.047	0.210
0.143	0.001	0.001	0.855
0.115	0.001	0.804	0.080
0.997	0.001	0.001	0.001
0.856	0.001	0.142	0.001
0.465	0.001	0.001	0.533
0.283	0.001	0.667	0.049
0.001	0.129	0.747	0.123
>CCCCDGGGAG	8-CCCCDGGGAG	8.005652	-64.629279	0	T:751.0(13.30%),B:401.2(7.04%),P:1e-28	Tpos:97.8,Tstd:49.7,Bpos:97.8,Bstd:47.7,StrandBias:0.0,Multiplicity:1.09
0.157	0.512	0.001	0.330
0.001	0.997	0.001	0.001
0.183	0.815	0.001	0.001
0.001	0.591	0.001	0.407
0.355	0.001	0.392	0.251
0.001	0.001	0.732	0.266
0.214	0.001	0.600	0.185
0.001	0.001	0.997	0.001
0.566	0.001	0.282	0.151
0.001	0.001	0.978	0.020
>ATGHTAATGG	9-ATGHTAATGG	8.178019	-60.167258	0	T:464.0(8.22%),B:202.9(3.56%),P:1e-26	Tpos:102.3,Tstd:51.3,Bpos:98.5,Bstd:71.6,StrandBias:-0.1,Multiplicity:1.05
0.685	0.001	0.313	0.001
0.260	0.001	0.001	0.738
0.001	0.001	0.839	0.159
0.404	0.258	0.065	0.274
0.001	0.001	0.173	0.825
0.990	0.001	0.001	0.008
0.997	0.001	0.001	0.001
0.386	0.001	0.001	0.612
0.222	0.001	0.633	0.144
0.254	0.001	0.744	0.001
>CCTGCTRGSA	10-CCTGCTRGSA	9.141756	-57.339429	0	T:314.0(5.56%),B:109.6(1.92%),P:1e-24	Tpos:99.3,Tstd:50.5,Bpos:91.0,Bstd:57.2,StrandBias:0.3,Multiplicity:1.01
0.086	0.902	0.011	0.001
0.081	0.789	0.001	0.129
0.183	0.153	0.001	0.663
0.001	0.001	0.997	0.001
0.108	0.716	0.001	0.175
0.001	0.295	0.001	0.703
0.480	0.001	0.518	0.001
0.179	0.001	0.819	0.001
0.088	0.439	0.472	0.001
0.997	0.001	0.001	0.001
>TAATCAGCAC	11-TAATCAGCAC	7.193469	-49.554532	0	T:376.0(6.66%),B:163.0(2.86%),P:1e-21	Tpos:104.6,Tstd:51.2,Bpos:88.3,Bstd:66.1,StrandBias:-0.2,Multiplicity:1.03
0.099	0.123	0.035	0.743
0.773	0.077	0.098	0.052
0.815	0.065	0.051	0.069
0.059	0.069	0.066	0.806
0.046	0.828	0.051	0.075
0.829	0.043	0.035	0.093
0.065	0.041	0.799	0.095
0.030	0.838	0.082	0.050
0.833	0.044	0.043	0.080
0.097	0.738	0.063	0.102
>TCTATTGTAA	12-TCTATTGTAA	7.138708	-38.655482	0	T:503.0(8.91%),B:279.8(4.91%),P:1e-16	Tpos:101.1,Tstd:54.9,Bpos:111.0,Bstd:75.2,StrandBias:0.2,Multiplicity:1.06
0.058	0.077	0.087	0.778
0.041	0.740	0.131	0.088
0.097	0.065	0.031	0.807
0.722	0.068	0.032	0.178
0.075	0.048	0.034	0.843
0.031	0.007	0.055	0.907
0.028	0.090	0.778	0.104
0.051	0.037	0.086	0.826
0.792	0.109	0.051	0.048
0.813	0.042	0.055	0.090
>CHCCTGKGGT	13-CHCCTGKGGT	6.991398	-37.778902	0	T:363.0(6.43%),B:177.1(3.11%),P:1e-16	Tpos:93.7,Tstd:49.1,Bpos:110.0,Bstd:52.3,StrandBias:-0.2,Multiplicity:1.03
0.004	0.745	0.241	0.010
0.378	0.250	0.037	0.335
0.118	0.575	0.192	0.115
0.241	0.540	0.003	0.216
0.009	0.003	0.006	0.982
0.009	0.011	0.796	0.184
0.140	0.057	0.338	0.464
0.234	0.119	0.439	0.208
0.242	0.007	0.552	0.199
0.224	0.257	0.105	0.415
>CAGCTAATCG	14-CAGCTAATCG	7.040075	-37.149074	0	T:81.0(1.43%),B:8.6(0.15%),P:1e-16	Tpos:92.9,Tstd:47.3,Bpos:75.0,Bstd:20.3,StrandBias:-0.1,Multiplicity:1.02
0.223	0.521	0.149	0.107
0.707	0.004	0.001	0.288
0.034	0.133	0.607	0.226
0.248	0.442	0.129	0.181
0.036	0.217	0.181	0.566
0.767	0.001	0.046	0.186
0.749	0.057	0.193	0.001
0.065	0.156	0.198	0.581
0.201	0.433	0.166	0.199
0.042	0.027	0.691	0.240
>DCSTGTGGWG	15-DCSTGTGGWG	8.237661	-36.539627	0	T:141.0(2.50%),B:36.9(0.65%),P:1e-15	Tpos:103.4,Tstd:53.3,Bpos:82.3,Bstd:39.1,StrandBias:0.0,Multiplicity:1.01
0.403	0.001	0.285	0.311
0.328	0.496	0.012	0.164
0.212	0.368	0.418	0.001
0.001	0.329	0.001	0.669
0.168	0.001	0.830	0.001
0.053	0.032	0.133	0.782
0.155	0.001	0.843	0.001
0.160	0.114	0.725	0.001
0.353	0.044	0.123	0.480
0.069	0.141	0.754	0.036
>TAATGGTGCG	16-TAATGGTGCG	7.242318	-32.858992	0	T:122.0(2.16%),B:30.7(0.54%),P:1e-14	Tpos:96.9,Tstd:50.8,Bpos:103.8,Bstd:64.2,StrandBias:-0.1,Multiplicity:1.00
0.134	0.106	0.088	0.672
0.807	0.118	0.067	0.008
0.764	0.060	0.073	0.103
0.104	0.045	0.117	0.734
0.067	0.024	0.785	0.124
0.169	0.140	0.623	0.068
0.180	0.089	0.201	0.530
0.056	0.097	0.774	0.073
0.098	0.583	0.163	0.156
0.134	0.148	0.529	0.189
>CTCACAGTGG	17-CTCACAGTGG	8.245403	-32.314957	0	T:167.0(2.96%),B:56.5(0.99%),P:1e-14	Tpos:107.7,Tstd:51.5,Bpos:125.3,Bstd:45.9,StrandBias:0.1,Multiplicity:1.00
0.064	0.841	0.001	0.094
0.064	0.001	0.064	0.871
0.001	0.997	0.001	0.001
0.895	0.001	0.032	0.072
0.001	0.967	0.001	0.031
0.967	0.001	0.031	0.001
0.001	0.056	0.927	0.016
0.104	0.001	0.001	0.894
0.016	0.001	0.932	0.051
0.001	0.051	0.856	0.092
>TTTGCATTTG	18-TTTGCATTTG	10.186846	-32.066136	0	T:94.0(1.66%),B:17.9(0.31%),P:1e-13	Tpos:95.0,Tstd:52.7,Bpos:109.9,Bstd:47.0,StrandBias:0.1,Multiplicity:1.00
0.001	0.062	0.001	0.936
0.025	0.001	0.001	0.973
0.001	0.044	0.026	0.929
0.001	0.001	0.997	0.001
0.001	0.997	0.001	0.001
0.997	0.001	0.001	0.001
0.001	0.077	0.001	0.921
0.001	0.198	0.001	0.800
0.130	0.001	0.001	0.868
0.001	0.001	0.997	0.001
>TGAGTTAACA	19-TGAGTTAACA	8.651117	-27.698517	0	T:146.0(2.59%),B:50.7(0.89%),P:1e-12	Tpos:103.6,Tstd:54.2,Bpos:93.4,Bstd:76.1,StrandBias:-0.3,Multiplicity:1.07
0.001	0.001	0.070	0.928
0.018	0.035	0.929	0.018
0.926	0.017	0.056	0.001
0.124	0.001	0.840	0.035
0.001	0.001	0.001	0.997
0.211	0.199	0.001	0.589
0.964	0.001	0.034	0.001
0.981	0.017	0.001	0.001
0.018	0.893	0.071	0.018
0.946	0.018	0.018	0.018
>CCCACTGAGC	20-CCCACTGAGC	9.485883	-26.022103	0	T:137.0(2.43%),B:47.7(0.84%),P:1e-11	Tpos:105.3,Tstd:45.4,Bpos:99.1,Bstd:45.5,StrandBias:-0.1,Multiplicity:1.00
0.034	0.964	0.001	0.001
0.067	0.810	0.035	0.088
0.034	0.964	0.001	0.001
0.937	0.027	0.001	0.035
0.001	0.957	0.007	0.035
0.130	0.007	0.018	0.845
0.001	0.001	0.997	0.001
0.838	0.017	0.001	0.144
0.017	0.001	0.939	0.043
0.056	0.796	0.147	0.001
>GATCTTTAAC	21-GATCTTTAAC	7.463907	-24.891176	0	T:72.0(1.28%),B:13.3(0.23%),P:1e-10	Tpos:100.9,Tstd:52.3,Bpos:124.2,Bstd:50.9,StrandBias:-0.6,Multiplicity:1.02
0.043	0.247	0.662	0.048
0.719	0.059	0.024	0.198
0.245	0.029	0.221	0.505
0.034	0.716	0.036	0.214
0.245	0.024	0.188	0.543
0.019	0.160	0.039	0.782
0.162	0.092	0.179	0.567
0.617	0.191	0.034	0.158
0.553	0.064	0.162	0.221
0.197	0.725	0.046	0.032
>GGTCTCTAAG	22-GGTCTCTAAG	8.046941	-22.522157	0	T:91.0(1.61%),B:25.0(0.44%),P:1e-9	Tpos:97.0,Tstd:58.0,Bpos:77.6,Bstd:55.5,StrandBias:0.1,Multiplicity:1.00
0.206	0.012	0.660	0.122
0.023	0.129	0.832	0.016
0.141	0.023	0.142	0.694
0.128	0.668	0.150	0.054
0.150	0.119	0.012	0.719
0.006	0.847	0.107	0.040
0.129	0.057	0.020	0.794
0.731	0.001	0.072	0.196
0.730	0.132	0.112	0.026
0.115	0.202	0.519	0.164
>GTAAATGGTT	23-GTAAATGGTT	10.262357	-20.488939	0	T:48.0(0.85%),B:6.7(0.12%),P:1e-8	Tpos:102.7,Tstd:46.7,Bpos:74.2,Bstd:63.3,StrandBias:-0.1,Multiplicity:1.00
0.001	0.001	0.997	0.001
0.001	0.001	0.024	0.974
0.974	0.024	0.001	0.001
0.924	0.001	0.074	0.001
0.989	0.001	0.001	0.009
0.075	0.001	0.025	0.899
0.001	0.025	0.949	0.025
0.001	0.001	0.675	0.323
0.075	0.037	0.126	0.762
0.075	0.025	0.001	0.899
>TCCATACCAA	24-TCCATACCAA	9.489813	-18.787238	0	T:40.0(0.71%),B:4.3(0.08%),P:1e-8	Tpos:100.5,Tstd:57.8,Bpos:100.0,Bstd:56.5,StrandBias:-0.2,Multiplicity:1.00
0.001	0.001	0.001	0.997
0.001	0.961	0.001	0.037
0.038	0.923	0.038	0.001
0.735	0.189	0.001	0.075
0.075	0.091	0.001	0.833
0.773	0.113	0.001	0.113
0.001	0.997	0.001	0.001
0.113	0.885	0.001	0.001
0.961	0.037	0.001	0.001
0.923	0.038	0.038	0.001
>AACGATGATT	25-AACGATGATT	8.184812	-12.474778	0	T:36.0(0.64%),B:7.5(0.13%),P:1e-5	Tpos:93.0,Tstd:56.6,Bpos:64.1,Bstd:50.8,StrandBias:-0.1,Multiplicity:1.03
0.826	0.118	0.001	0.055
0.825	0.065	0.046	0.064
0.048	0.721	0.111	0.120
0.120	0.056	0.714	0.110
0.753	0.083	0.073	0.091
0.037	0.055	0.091	0.817
0.055	0.037	0.817	0.091
0.763	0.146	0.073	0.018
0.019	0.064	0.055	0.862
0.046	0.018	0.019	0.917
>TGCATDWCAAAG	1-TGCATDWCAAAG	7.320858	-258.028745	0	T:1659.0(29.38%),B:704.4(12.37%),P:1e-112	Tpos:101.0,Tstd:45.7,Bpos:92.8,Bstd:72.2,StrandBias:-0.1,Multiplicity:1.18
0.232	0.017	0.031	0.720
0.240	0.175	0.568	0.017
0.224	0.774	0.001	0.001
0.847	0.079	0.001	0.073
0.162	0.085	0.015	0.738
0.344	0.136	0.207	0.314
0.516	0.019	0.001	0.464
0.056	0.563	0.300	0.081
0.971	0.009	0.001	0.019
0.980	0.001	0.018	0.001
0.588	0.001	0.031	0.380
0.235	0.045	0.670	0.050
>HHTCCTGCTGKG	2-HHTCCTGCTGKG	6.555117	-240.462692	0	T:1275.0(22.58%),B:461.6(8.11%),P:1e-104	Tpos:98.9,Tstd:42.0,Bpos:99.5,Bstd:51.0,StrandBias:0.2,Multiplicity:1.11
0.356	0.226	0.206	0.213
0.351	0.309	0.019	0.321
0.164	0.272	0.128	0.436
0.001	0.997	0.001	0.001
0.414	0.584	0.001	0.001
0.280	0.144	0.001	0.575
0.001	0.001	0.997	0.001
0.001	0.997	0.001	0.001
0.001	0.001	0.001	0.997
0.001	0.001	0.997	0.001
0.271	0.019	0.425	0.285
0.001	0.001	0.997	0.001
>VDAACAATGRNN	3-VDAACAATGRNN	6.631043	-161.315224	0	T:1546.0(27.38%),B:795.7(13.97%),P:1e-70	Tpos:99.0,Tstd:46.8,Bpos:106.4,Bstd:71.0,StrandBias:-0.0,Multiplicity:1.15
0.332	0.236	0.259	0.174
0.335	0.159	0.239	0.267
0.484	0.140	0.267	0.109
0.856	0.028	0.001	0.115
0.001	0.936	0.001	0.062
0.997	0.001	0.001	0.001
0.997	0.001	0.001	0.001
0.001	0.001	0.001	0.997
0.239	0.140	0.469	0.152
0.400	0.145	0.396	0.059
0.276	0.251	0.272	0.200
0.289	0.219	0.240	0.253
>GGTAATTAACMT	4-GGTAATTAACMT	4.825899	-146.217068	0	T:1650.0(29.22%),B:912.5(16.02%),P:1e-63	Tpos:101.1,Tstd:49.2,Bpos:94.5,Bstd:76.1,StrandBias:-0.0,Multiplicity:1.16
0.303	0.001	0.643	0.053
0.030	0.220	0.503	0.247
0.042	0.385	0.018	0.555
0.739	0.225	0.035	0.001
0.981	0.017	0.001	0.001
0.001	0.001	0.001	0.997
0.001	0.029	0.001	0.969
0.939	0.001	0.019	0.041
0.526	0.159	0.297	0.018
0.011	0.870	0.118	0.001
0.436	0.385	0.001	0.178
0.251	0.160	0.001	0.588
>NVATCAAAGGNN	5-NVATCAAAGGNN	7.336488	-88.144073	0	T:819.0(14.50%),B:398.1(6.99%),P:1e-38	Tpos:101.5,Tstd:48.2,Bpos:97.6,Bstd:63.3,StrandBias:0.1,Multiplicity:1.08
0.259	0.232	0.254	0.255
0.265	0.320	0.255	0.160
0.806	0.074	0.037	0.083
0.158	0.036	0.063	0.743
0.053	0.844	0.072	0.031
0.949	0.027	0.010	0.014
0.881	0.056	0.046	0.017
0.909	0.014	0.046	0.031
0.042	0.017	0.898	0.043
0.052	0.053	0.845	0.050
0.243	0.318	0.268	0.171
0.299	0.254	0.197	0.250
>AGATGCAAATAT	6-AGATGCAAATAT	10.837732	-39.241715	0	T:95.0(1.68%),B:12.3(0.22%),P:1e-17	Tpos:103.7,Tstd:55.0,Bpos:89.1,Bstd:44.1,StrandBias:0.2,Multiplicity:1.00
0.950	0.001	0.048	0.001
0.223	0.049	0.671	0.057
0.702	0.199	0.001	0.098
0.049	0.001	0.053	0.897
0.097	0.001	0.901	0.001
0.001	0.997	0.001	0.001
0.997	0.001	0.001	0.001
0.852	0.001	0.146	0.001
0.997	0.001	0.001	0.001
0.001	0.049	0.106	0.844
0.722	0.065	0.049	0.164
0.147	0.062	0.216	0.575
>AACTCCACAGGG	7-AACTCCACAGGG	7.462064	-36.064915	0	T:92.0(1.63%),B:13.8(0.24%),P:1e-15	Tpos:87.5,Tstd:43.3,Bpos:105.3,Bstd:49.1,StrandBias:-0.1,Multiplicity:1.00
0.600	0.200	0.133	0.067
0.600	0.001	0.266	0.133
0.001	0.997	0.001	0.001
0.001	0.001	0.001	0.997
0.001	0.997	0.001	0.001
0.001	0.997	0.001	0.001
0.997	0.001	0.001	0.001
0.001	0.997	0.001	0.001
0.997	0.001	0.001	0.001
0.001	0.001	0.997	0.001
0.001	0.001	0.997	0.001
0.133	0.067	0.533	0.267
>TTGAGTCAACAC	8-TTGAGTCAACAC	9.870146	-28.589045	0	T:81.0(1.43%),B:14.1(0.25%),P:1e-12	Tpos:107.9,Tstd:49.1,Bpos:122.9,Bstd:50.6,StrandBias:-0.3,Multiplicity:1.00
0.114	0.070	0.001	0.815
0.141	0.035	0.247	0.577
0.212	0.110	0.677	0.001
0.964	0.001	0.034	0.001
0.339	0.001	0.659	0.001
0.035	0.001	0.211	0.753
0.118	0.880	0.001	0.001
0.997	0.001	0.001	0.001
0.924	0.001	0.074	0.001
0.001	0.997	0.001	0.001
0.779	0.110	0.001	0.110
0.140	0.820	0.039	0.001
>YCCTGCTGTTHT	9-YCCTGCTGTTHT	10.798353	-28.545050	0	T:143.0(2.53%),B:47.4(0.83%),P:1e-12	Tpos:102.4,Tstd:45.0,Bpos:102.2,Bstd:61.3,StrandBias:0.3,Multiplicity:1.01
0.089	0.436	0.039	0.436
0.084	0.799	0.050	0.067
0.001	0.997	0.001	0.001
0.098	0.001	0.001	0.900
0.001	0.032	0.966	0.001
0.001	0.997	0.001	0.001
0.166	0.001	0.001	0.832
0.001	0.033	0.933	0.033
0.001	0.375	0.068	0.556
0.049	0.132	0.001	0.818
0.406	0.316	0.020	0.259
0.116	0.206	0.035	0.643
>CCCCCTGGGGTT	10-CCCCCTGGGGTT	7.135419	-27.478209	0	T:653.0(11.56%),B:437.1(7.68%),P:1e-11	Tpos:97.0,Tstd:48.2,Bpos:99.2,Bstd:47.3,StrandBias:0.2,Multiplicity:1.07
0.048	0.827	0.042	0.083
0.041	0.824	0.027	0.108
0.089	0.767	0.055	0.089
0.041	0.897	0.007	0.055
0.069	0.869	0.034	0.028
0.068	0.021	0.076	0.835
0.027	0.027	0.932	0.014
0.048	0.062	0.794	0.096
0.063	0.021	0.874	0.042
0.041	0.082	0.822	0.055
0.076	0.123	0.049	0.752
0.041	0.068	0.073	0.818
>GCCTTTAGAAAC	11-GCCTTTAGAAAC	9.737715	-26.459945	0	T:58.0(1.03%),B:6.7(0.12%),P:1e-11	Tpos:95.8,Tstd:49.5,Bpos:107.8,Bstd:63.2,StrandBias:0.2,Multiplicity:1.03
0.070	0.035	0.872	0.023
0.069	0.804	0.069	0.058
0.093	0.838	0.023	0.046
0.068	0.105	0.035	0.792
0.046	0.012	0.047	0.895
0.035	0.058	0.046	0.861
0.792	0.046	0.069	0.093
0.081	0.058	0.826	0.035
0.883	0.093	0.012	0.012
0.861	0.023	0.069	0.047
0.837	0.070	0.035	0.058
0.093	0.756	0.069	0.082
>CATGTGGTCCTD	12-CATGTGGTCCTD	9.863891	-25.190637	0	T:61.0(1.08%),B:8.3(0.15%),P:1e-10	Tpos:93.1,Tstd:58.8,Bpos:110.6,Bstd:44.7,StrandBias:0.5,Multiplicity:1.02
0.080	0.852	0.067	0.001
0.715	0.183	0.017	0.085
0.128	0.055	0.188	0.629
0.038	0.051	0.843	0.068
0.059	0.030	0.106	0.805
0.064	0.034	0.779	0.123
0.153	0.119	0.630	0.098
0.001	0.101	0.050	0.848
0.001	0.685	0.259	0.055
0.051	0.829	0.001	0.119
0.064	0.251	0.026	0.659
0.375	0.145	0.238	0.242
>TGGGGGAGGGGA	13-TGGGGGAGGGGA	12.161887	-24.803833	0	T:105.0(1.86%),B:30.8(0.54%),P:1e-10	Tpos:99.6,Tstd:53.3,Bpos:91.5,Bstd:39.6,StrandBias:0.0,Multiplicity:1.02
0.001	0.097	0.097	0.805
0.051	0.017	0.931	0.001
0.001	0.001	0.997	0.001
0.001	0.001	0.997	0.001
0.001	0.001	0.997	0.001
0.033	0.001	0.965	0.001
0.913	0.085	0.001	0.001
0.001	0.001	0.948	0.050
0.050	0.001	0.948	0.001
0.028	0.017	0.954	0.001
0.051	0.017	0.915	0.017
0.757	0.142	0.001	0.100
>GTAGGAGCCTAA	14-GTAGGAGCCTAA	8.338267	-24.354254	0	T:169.0(2.99%),B:70.6(1.24%),P:1e-10	Tpos:109.2,Tstd:57.3,Bpos:99.7,Bstd:61.3,StrandBias:-0.2,Multiplicity:1.03
0.188	0.001	0.780	0.031
0.162	0.066	0.006	0.766
0.774	0.001	0.194	0.031
0.030	0.001	0.968	0.001
0.031	0.032	0.936	0.001
0.875	0.001	0.092	0.032
0.096	0.001	0.811	0.092
0.220	0.460	0.218	0.102
0.001	0.836	0.031	0.132
0.064	0.033	0.031	0.872
0.809	0.033	0.156	0.002
0.843	0.064	0.062	0.031
>CAGGGATCTTTT	15-CAGGGATCTTTT	8.037446	-24.338505	0	T:46.0(0.81%),B:3.5(0.06%),P:1e-10	Tpos:100.5,Tstd:50.9,Bpos:98.1,Bstd:64.2,StrandBias:0.3,Multiplicity:1.00
0.225	0.377	0.211	0.186
0.632	0.095	0.123	0.150
0.139	0.068	0.674	0.119
0.135	0.085	0.643	0.137
0.149	0.139	0.599	0.113
0.563	0.156	0.141	0.140
0.131	0.132	0.159	0.578
0.107	0.609	0.135	0.149
0.125	0.127	0.075	0.673
0.098	0.123	0.126	0.653
0.118	0.134	0.127	0.621
0.206	0.216	0.199	0.378
>CCAGGAATGTCT	16-CCAGGAATGTCT	12.403981	-23.836128	0	T:42.0(0.74%),B:2.4(0.04%),P:1e-10	Tpos:101.8,Tstd:47.9,Bpos:101.2,Bstd:16.2,StrandBias:-0.1,Multiplicity:1.00
0.034	0.863	0.034	0.069
0.068	0.897	0.001	0.034
0.896	0.001	0.001	0.102
0.034	0.001	0.931	0.034
0.013	0.001	0.985	0.001
0.863	0.034	0.069	0.034
0.965	0.001	0.001	0.033
0.034	0.001	0.034	0.931
0.001	0.034	0.931	0.034
0.001	0.001	0.001	0.997
0.034	0.931	0.034	0.001
0.001	0.001	0.001	0.997
>TGAGGCTTCATC	17-TGAGGCTTCATC	11.873927	-22.526544	0	T:40.0(0.71%),B:2.6(0.05%),P:1e-9	Tpos:98.8,Tstd:47.1,Bpos:93.8,Bstd:18.5,StrandBias:-0.2,Multiplicity:1.00
0.001	0.001	0.269	0.729
0.211	0.001	0.787	0.001
0.997	0.001	0.001	0.001
0.001	0.001	0.997	0.001
0.131	0.001	0.742	0.126
0.020	0.742	0.001	0.237
0.001	0.001	0.001	0.997
0.001	0.001	0.001	0.997
0.211	0.787	0.001	0.001
0.959	0.020	0.001	0.020
0.001	0.001	0.105	0.893
0.001	0.893	0.001	0.105
>CAGTCTATTCTC	18-CAGTCTATTCTC	11.229749	-22.475997	0	T:46.0(0.81%),B:4.0(0.07%),P:1e-9	Tpos:91.7,Tstd:46.8,Bpos:114.6,Bstd:11.7,StrandBias:1.0,Multiplicity:1.00
0.001	0.833	0.083	0.083
0.615	0.130	0.001	0.254
0.198	0.088	0.713	0.001
0.075	0.083	0.083	0.759
0.001	0.917	0.074	0.008
0.074	0.001	0.001	0.924
0.758	0.075	0.092	0.075
0.001	0.008	0.001	0.990
0.001	0.001	0.001	0.997
0.075	0.813	0.103	0.009
0.001	0.001	0.001	0.997
0.001	0.766	0.008	0.225
>TTCCTGCTAGAC	19-TTCCTGCTAGAC	7.313069	-20.880992	0	T:91.0(1.61%),B:27.7(0.49%),P:1e-9	Tpos:111.9,Tstd:53.5,Bpos:112.4,Bstd:63.4,StrandBias:0.4,Multiplicity:1.00
0.001	0.001	0.001	0.997
0.001	0.052	0.001	0.946
0.001	0.895	0.052	0.052
0.052	0.946	0.001	0.001
0.001	0.001	0.001	0.997
0.001	0.001	0.946	0.052
0.001	0.895	0.052	0.052
0.001	0.052	0.001	0.946
0.895	0.001	0.052	0.052
0.052	0.001	0.946	0.001
0.946	0.052	0.001	0.001
0.001	0.997	0.001	0.001
>GTTATGSAAATG	20-GTTATGSAAATG	11.085952	-20.760054	0	T:60.0(1.06%),B:11.6(0.20%),P:1e-9	Tpos:89.6,Tstd:48.7,Bpos:184.0,Bstd:0.0,StrandBias:1.2,Multiplicity:1.00
0.001	0.001	0.997	0.001
0.001	0.239	0.001	0.759
0.133	0.185	0.184	0.497
0.744	0.001	0.001	0.254
0.216	0.001	0.001	0.782
0.001	0.001	0.980	0.018
0.134	0.281	0.416	0.169
0.762	0.018	0.018	0.202
0.795	0.001	0.203	0.001
0.980	0.018	0.001	0.001
0.018	0.001	0.344	0.637
0.384	0.054	0.542	0.020
>AGACTCTCAGTT	21-AGACTCTCAGTT	11.002525	-20.524790	0	T:40.0(0.71%),B:3.3(0.06%),P:1e-8	Tpos:122.3,Tstd:49.2,Bpos:154.4,Bstd:17.2,StrandBias:-0.6,Multiplicity:1.03
0.997	0.001	0.001	0.001
0.205	0.001	0.793	0.001
0.696	0.049	0.206	0.049
0.049	0.803	0.001	0.147
0.001	0.001	0.001	0.997
0.001	0.997	0.001	0.001
0.001	0.048	0.001	0.950
0.001	0.901	0.049	0.049
0.891	0.001	0.001	0.107
0.049	0.049	0.853	0.049
0.049	0.216	0.049	0.686
0.048	0.001	0.001	0.950
>GTTTTTGTTCTC	22-GTTTTTGTTCTC	11.136299	-19.661008	0	T:49.0(0.87%),B:8.0(0.14%),P:1e-8	Tpos:94.5,Tstd:55.4,Bpos:73.1,Bstd:79.5,StrandBias:-0.2,Multiplicity:1.00
0.001	0.108	0.890	0.001
0.054	0.217	0.001	0.728
0.054	0.054	0.054	0.838
0.001	0.001	0.001	0.997
0.001	0.001	0.001	0.997
0.001	0.054	0.054	0.891
0.001	0.053	0.945	0.001
0.001	0.001	0.053	0.945
0.001	0.053	0.001	0.945
0.001	0.997	0.001	0.001
0.053	0.001	0.001	0.945
0.001	0.779	0.054	0.166
>TTATTTAGCACA	23-TTATTTAGCACA	10.251254	-19.618363	0	T:44.0(0.78%),B:6.0(0.10%),P:1e-8	Tpos:108.2,Tstd:52.0,Bpos:16.4,Bstd:4.4,StrandBias:-0.4,Multiplicity:1.00
0.031	0.093	0.062	0.814
0.037	0.068	0.047	0.848
0.776	0.125	0.068	0.031
0.016	0.001	0.093	0.890
0.078	0.031	0.047	0.844
0.016	0.126	0.053	0.805
0.893	0.001	0.013	0.093
0.078	0.047	0.828	0.047
0.047	0.827	0.047	0.079
0.884	0.062	0.001	0.053
0.138	0.753	0.062	0.047
0.860	0.077	0.001	0.062
>GCCAAGTGCTAA	24-GCCAAGTGCTAA	12.620554	-17.983772	0	T:33.0(0.58%),B:2.2(0.04%),P:1e-7	Tpos:89.1,Tstd:42.1,Bpos:36.0,Bstd:0.0,StrandBias:-0.2,Multiplicity:1.00
0.039	0.001	0.959	0.001
0.001	0.997	0.001	0.001
0.040	0.919	0.040	0.001
0.997	0.001	0.001	0.001
0.919	0.001	0.079	0.001
0.001	0.039	0.959	0.001
0.001	0.039	0.001	0.959
0.040	0.040	0.880	0.040
0.040	0.919	0.001	0.040
0.001	0.039	0.001	0.959
0.879	0.001	0.040	0.080
0.879	0.080	0.001	0.040
>CCATTCATTCCT	25-CCATTCATTCCT	10.347329	-17.010267	0	T:42.0(0.74%),B:6.1(0.11%),P:1e-7	Tpos:88.8,Tstd:50.4,Bpos:85.5,Bstd:18.6,StrandBias:-0.2,Multiplicity:1.00
0.031	0.772	0.114	0.083
0.041	0.885	0.021	0.053
0.937	0.021	0.010	0.032
0.041	0.053	0.042	0.864
0.052	0.042	0.073	0.833
0.052	0.834	0.041	0.073
0.812	0.042	0.021	0.125
0.021	0.063	0.083	0.833
0.032	0.062	0.062	0.844
0.073	0.811	0.084	0.032
0.053	0.842	0.010	0.095
0.084	0.104	0.063	0.749
>CCWTTGWT	1-CCWTTGWT	5.506029	-261.850120	0	T:3245.0(57.46%),B:2064.6(36.26%),P:1e-113	Tpos:99.1,Tstd:48.7,Bpos:99.5,Bstd:69.9,StrandBias:0.0,Multiplicity:1.52
0.033	0.645	0.187	0.135
0.001	0.791	0.072	0.136
0.450	0.072	0.070	0.408
0.001	0.001	0.001	0.997
0.001	0.001	0.001	0.997
0.207	0.104	0.688	0.001
0.485	0.001	0.001	0.513
0.155	0.235	0.166	0.443
>GBTAATTR	2-GBTAATTR	4.311373	-171.446377	0	T:3172.0(56.17%),B:2222.6(39.03%),P:1e-74	Tpos:99.9,Tstd:50.6,Bpos:97.5,Bstd:76.4,StrandBias:-0.0,Multiplicity:1.45
0.250	0.107	0.508	0.135
0.119	0.249	0.312	0.320
0.100	0.273	0.080	0.547
0.600	0.075	0.285	0.040
0.842	0.055	0.001	0.102
0.049	0.060	0.139	0.752
0.104	0.170	0.183	0.543
0.439	0.038	0.510	0.013
>WCAGCAGG	3-WCAGCAGG	5.763826	-169.556255	0	T:2233.0(39.54%),B:1350.0(23.71%),P:1e-73	Tpos:99.9,Tstd:45.6,Bpos:100.2,Bstd:54.7,StrandBias:-0.1,Multiplicity:1.23
0.402	0.146	0.025	0.427
0.001	0.997	0.001	0.001
0.989	0.001	0.009	0.001
0.019	0.026	0.954	0.001
0.001	0.997	0.001	0.001
0.893	0.001	0.039	0.067
0.001	0.001	0.913	0.085
0.001	0.001	0.997	0.001
>AGCSATCA	4-AGCSATCA	6.569236	-107.636192	0	T:941.0(16.66%),B:447.3(7.86%),P:1e-46	Tpos:97.1,Tstd:47.1,Bpos:103.4,Bstd:70.9,StrandBias:0.1,Multiplicity:1.04
0.862	0.001	0.136	0.001
0.240	0.075	0.684	0.001
0.002	0.996	0.001	0.001
0.170	0.371	0.459	0.001
0.775	0.096	0.030	0.099
0.001	0.001	0.001	0.997
0.025	0.699	0.076	0.200
0.843	0.051	0.040	0.066
>ATTTGCAT	5-ATTTGCAT	6.663502	-107.335194	0	T:1456.0(25.78%),B:851.0(14.94%),P:1e-46	Tpos:98.2,Tstd:49.9,Bpos:98.8,Bstd:73.7,StrandBias:-0.0,Multiplicity:1.15
0.807	0.001	0.152	0.040
0.001	0.001	0.001	0.997
0.021	0.195	0.001	0.783
0.128	0.013	0.001	0.858
0.133	0.001	0.865	0.001
0.051	0.947	0.001	0.001
0.976	0.001	0.001	0.022
0.029	0.015	0.001	0.955
>CCCATTAA	6-CCCATTAA	5.318187	-101.961097	0	T:1563.0(27.68%),B:954.1(16.75%),P:1e-44	Tpos:101.4,Tstd:50.9,Bpos:96.4,Bstd:71.8,StrandBias:0.1,Multiplicity:1.11
0.001	0.858	0.044	0.097
0.059	0.814	0.033	0.094
0.001	0.912	0.050	0.037
0.997	0.001	0.001	0.001
0.001	0.001	0.001	0.997
0.057	0.091	0.001	0.851
0.783	0.164	0.010	0.043
0.869	0.029	0.101	0.001
>SWGAWTAA	7-SWGAWTAA	5.100964	-74.334444	0	T:1530.0(27.09%),B:1012.0(17.77%),P:1e-32	Tpos:100.5,Tstd:54.1,Bpos:99.5,Bstd:79.0,StrandBias:0.0,Multiplicity:1.09
0.092	0.360	0.475	0.073
0.446	0.001	0.053	0.500
0.001	0.205	0.500	0.294
0.691	0.001	0.199	0.109
0.375	0.047	0.099	0.479
0.124	0.227	0.013	0.636
0.725	0.040	0.180	0.055
0.511	0.146	0.342	0.001
>CKATCGTT	8-CKATCGTT	5.146939	-70.064830	0	T:1189.0(21.06%),B:736.0(12.93%),P:1e-30	Tpos:98.1,Tstd:52.9,Bpos:96.6,Bstd:68.9,StrandBias:0.0,Multiplicity:1.08
0.098	0.701	0.001	0.200
0.091	0.067	0.481	0.361
0.831	0.030	0.138	0.001
0.021	0.010	0.209	0.760
0.001	0.577	0.039	0.383
0.031	0.001	0.945	0.023
0.231	0.065	0.067	0.637
0.255	0.076	0.217	0.452
>CCTGTGGA	9-CCTGTGGA	7.461195	-42.698898	0	T:622.0(11.01%),B:360.2(6.33%),P:1e-18	Tpos:97.8,Tstd:50.6,Bpos:100.8,Bstd:50.0,StrandBias:0.2,Multiplicity:1.06
0.001	0.997	0.001	0.001
0.001	0.906	0.092	0.001
0.001	0.078	0.001	0.920
0.001	0.001	0.997	0.001
0.001	0.001	0.212	0.786
0.001	0.001	0.997	0.001
0.001	0.001	0.997	0.001
0.846	0.001	0.001	0.152
>CCRTTYAA	10-CCRTTYAA	7.192185	-40.930654	0	T:581.0(10.29%),B:333.9(5.86%),P:1e-17	Tpos:100.8,Tstd:51.8,Bpos:100.3,Bstd:76.9,StrandBias:-0.2,Multiplicity:1.04
0.001	0.966	0.032	0.001
0.250	0.748	0.001	0.001
0.462	0.001	0.352	0.185
0.001	0.375	0.001	0.623
0.001	0.035	0.001	0.963
0.149	0.377	0.001	0.473
0.779	0.001	0.001	0.219
0.861	0.137	0.001	0.001
>TAAGTACT	11-TAAGTACT	7.406673	-34.943850	0	T:305.0(5.40%),B:142.4(2.50%),P:1e-15	Tpos:89.6,Tstd:49.4,Bpos:108.9,Bstd:63.8,StrandBias:-0.1,Multiplicity:1.00
0.001	0.042	0.082	0.875
0.796	0.001	0.150	0.053
0.933	0.001	0.065	0.001
0.055	0.032	0.912	0.001
0.001	0.101	0.001	0.897
0.824	0.001	0.174	0.001
0.030	0.856	0.027	0.087
0.025	0.001	0.012	0.962
>GTTAACTM	12-GTTAACTM	5.908381	-31.947038	0	T:459.0(8.13%),B:264.8(4.65%),P:1e-13	Tpos:100.5,Tstd:56.0,Bpos:95.4,Bstd:71.2,StrandBias:0.2,Multiplicity:1.05
0.350	0.044	0.605	0.001
0.001	0.037	0.117	0.845
0.098	0.349	0.001	0.552
0.448	0.109	0.264	0.179
0.620	0.001	0.001	0.378
0.075	0.646	0.001	0.278
0.352	0.060	0.012	0.576
0.462	0.482	0.001	0.055
>TTCAAAGA	13-TTCAAAGA	9.642206	-26.931854	0	T:212.0(3.75%),B:94.6(1.66%),P:1e-11	Tpos:102.4,Tstd:52.9,Bpos:92.2,Bstd:71.7,StrandBias:-0.0,Multiplicity:1.03
0.001	0.001	0.001	0.997
0.240	0.001	0.001	0.758
0.001	0.997	0.001	0.001
0.997	0.001	0.001	0.001
0.997	0.001	0.001	0.001
0.997	0.001	0.001	0.001
0.001	0.001	0.997	0.001
0.997	0.001	0.001	0.001
>CTTTTGTA	14-CTTTTGTA	7.227577	-26.389517	0	T:624.0(11.05%),B:417.6(7.33%),P:1e-11	Tpos:102.4,Tstd:52.2,Bpos:104.4,Bstd:70.6,StrandBias:0.0,Multiplicity:1.08
0.001	0.997	0.001	0.001
0.001	0.001	0.001	0.997
0.001	0.001	0.001	0.997
0.001	0.108	0.089	0.802
0.001	0.001	0.001	0.997
0.001	0.001	0.997	0.001
0.203	0.001	0.001	0.795
0.713	0.155	0.131	0.001
>CACARTGG	15-CACARTGG	8.555662	-26.141951	0	T:319.0(5.65%),B:173.0(3.04%),P:1e-11	Tpos:106.2,Tstd:48.3,Bpos:104.1,Bstd:62.2,StrandBias:0.0,Multiplicity:1.01
0.012	0.979	0.002	0.007
0.886	0.112	0.001	0.001
0.001	0.997	0.001	0.001
0.974	0.012	0.011	0.003
0.552	0.007	0.440	0.001
0.001	0.001	0.001	0.997
0.001	0.280	0.643	0.076
0.266	0.001	0.529	0.204
>YGTTRATT	16-YGTTRATT	8.253607	-26.095011	0	T:262.0(4.64%),B:131.8(2.32%),P:1e-11	Tpos:98.9,Tstd:51.7,Bpos:97.5,Bstd:46.8,StrandBias:-0.5,Multiplicity:1.01
0.001	0.496	0.001	0.502
0.160	0.001	0.838	0.001
0.033	0.066	0.001	0.900
0.395	0.001	0.001	0.603
0.381	0.001	0.457	0.161
0.997	0.001	0.001	0.001
0.001	0.001	0.066	0.932
0.001	0.043	0.033	0.923
>CCCCCACK	17-CCCCCACK	3.390214	-22.086139	0	T:862.0(15.26%),B:643.4(11.30%),P:1e-9	Tpos:97.4,Tstd:55.1,Bpos:97.0,Bstd:53.7,StrandBias:0.0,Multiplicity:1.12
0.001	0.997	0.001	0.001
0.001	0.997	0.001	0.001
0.001	0.997	0.001	0.001
0.001	0.997	0.001	0.001
0.001	0.997	0.001	0.001
0.997	0.001	0.001	0.001
0.001	0.947	0.051	0.001
0.001	0.168	0.371	0.461
>TAATCTTC	18-TAATCTTC	9.044600	-20.943128	0	T:118.0(2.09%),B:43.3(0.76%),P:1e-9	Tpos:97.5,Tstd:54.9,Bpos:103.6,Bstd:83.8,StrandBias:-0.4,Multiplicity:1.03
0.001	0.001	0.001	0.997
0.997	0.001	0.001	0.001
0.997	0.001	0.001	0.001
0.001	0.001	0.001	0.997
0.001	0.997	0.001	0.001
0.001	0.001	0.045	0.953
0.304	0.001	0.152	0.543
0.092	0.906	0.001	0.001
>CCCGGCAG	19-CCCGGCAG	6.887818	-18.824884	0	T:947.0(16.77%),B:738.7(12.97%),P:1e-8	Tpos:98.2,Tstd:54.3,Bpos:100.6,Bstd:51.0,StrandBias:-0.1,Multiplicity:1.14
0.028	0.970	0.001	0.001
0.117	0.795	0.052	0.036
0.036	0.781	0.097	0.086
0.001	0.095	0.752	0.152
0.001	0.001	0.976	0.022
0.054	0.916	0.001	0.029
0.901	0.032	0.001	0.066
0.001	0.051	0.907	0.041
>CGCCGGAA	20-CGCCGGAA	7.248843	-16.990645	0	T:221.0(3.91%),B:124.3(2.18%),P:1e-7	Tpos:99.7,Tstd:54.0,Bpos:95.0,Bstd:50.2,StrandBias:-0.1,Multiplicity:1.12
0.097	0.799	0.103	0.001
0.099	0.001	0.758	0.142
0.001	0.972	0.026	0.001
0.001	0.972	0.001	0.026
0.048	0.001	0.921	0.030
0.032	0.001	0.949	0.018
0.894	0.074	0.001	0.031
0.829	0.001	0.122	0.048
>AAGTGTTT	21-AAGTGTTT	10.053211	-12.688288	0	T:155.0(2.74%),B:86.3(1.52%),P:1e-5	Tpos:103.9,Tstd:56.5,Bpos:98.2,Bstd:78.6,StrandBias:0.0,Multiplicity:1.03
0.997	0.001	0.001	0.001
0.997	0.001	0.001	0.001
0.001	0.362	0.636	0.001
0.001	0.001	0.001	0.997
0.001	0.001	0.997	0.001
0.001	0.001	0.001	0.997
0.001	0.001	0.001	0.997
0.001	0.001	0.001	0.997
>TCCTTTAT	22-TCCTTTAT	8.568091	-11.380849	0	T:133.0(2.36%),B:73.7(1.29%),P:1e-4	Tpos:100.2,Tstd:60.0,Bpos:108.4,Bstd:61.4,StrandBias:0.3,Multiplicity:1.02
0.001	0.001	0.281	0.717
0.001	0.997	0.001	0.001
0.001	0.884	0.114	0.001
0.001	0.001	0.001	0.997
0.001	0.001	0.001	0.997
0.001	0.001	0.001	0.997
0.997	0.001	0.001	0.001
0.001	0.001	0.001	0.997
>ACACTCRG	23-ACACTCRG	7.753133	-11.107124	0	T:120.0(2.13%),B:64.4(1.13%),P:1e-4	Tpos:99.9,Tstd:53.5,Bpos:112.5,Bstd:67.2,StrandBias:-0.2,Multiplicity:1.01
0.997	0.001	0.001	0.001
0.001	0.997	0.001	0.001
0.997	0.001	0.001	0.001
0.001	0.997	0.001	0.001
0.001	0.001	0.001	0.997
0.001	0.997	0.001	0.001
0.458	0.001	0.540	0.001
0.001	0.001	0.919	0.079
>TATTGTCA	24-TATTGTCA	8.236954	-8.759334	0	T:55.0(0.97%),B:23.7(0.42%),P:1e-3	Tpos:88.4,Tstd:53.0,Bpos:0.0,Bstd:0.0,StrandBias:-0.4,Multiplicity:1.00
0.100	0.100	0.100	0.700
0.700	0.100	0.100	0.100
0.100	0.100	0.100	0.700
0.100	0.100	0.100	0.700
0.100	0.100	0.700	0.100
0.100	0.100	0.100	0.700
0.100	0.700	0.100	0.100
0.700	0.100	0.100	0.100
