>CCWTTGWT	1-CCWTTGWT	5.506029	-261.850120	0	T:3245.0(57.46%),B:2064.6(36.26%),P:1e-113	Tpos:99.1,Tstd:48.7,Bpos:99.5,Bstd:69.9,StrandBias:0.0,Multiplicity:1.52
0.033	0.645	0.187	0.135
0.001	0.791	0.072	0.136
0.450	0.072	0.070	0.408
0.001	0.001	0.001	0.997
0.001	0.001	0.001	0.997
0.207	0.104	0.688	0.001
0.485	0.001	0.001	0.513
0.155	0.235	0.166	0.443
>GBTAATTR	2-GBTAATTR	4.311373	-171.446377	0	T:3172.0(56.17%),B:2222.6(39.03%),P:1e-74	Tpos:99.9,Tstd:50.6,Bpos:97.5,Bstd:76.4,StrandBias:-0.0,Multiplicity:1.45
0.250	0.107	0.508	0.135
0.119	0.249	0.312	0.320
0.100	0.273	0.080	0.547
0.600	0.075	0.285	0.040
0.842	0.055	0.001	0.102
0.049	0.060	0.139	0.752
0.104	0.170	0.183	0.543
0.439	0.038	0.510	0.013
>WCAGCAGG	3-WCAGCAGG	5.763826	-169.556255	0	T:2233.0(39.54%),B:1350.0(23.71%),P:1e-73	Tpos:99.9,Tstd:45.6,Bpos:100.2,Bstd:54.7,StrandBias:-0.1,Multiplicity:1.23
0.402	0.146	0.025	0.427
0.001	0.997	0.001	0.001
0.989	0.001	0.009	0.001
0.019	0.026	0.954	0.001
0.001	0.997	0.001	0.001
0.893	0.001	0.039	0.067
0.001	0.001	0.913	0.085
0.001	0.001	0.997	0.001
>AGCSATCA	4-AGCSATCA	6.569236	-107.636192	0	T:941.0(16.66%),B:447.3(7.86%),P:1e-46	Tpos:97.1,Tstd:47.1,Bpos:103.4,Bstd:70.9,StrandBias:0.1,Multiplicity:1.04
0.862	0.001	0.136	0.001
0.240	0.075	0.684	0.001
0.002	0.996	0.001	0.001
0.170	0.371	0.459	0.001
0.775	0.096	0.030	0.099
0.001	0.001	0.001	0.997
0.025	0.699	0.076	0.200
0.843	0.051	0.040	0.066
>ATTTGCAT	5-ATTTGCAT	6.663502	-107.335194	0	T:1456.0(25.78%),B:851.0(14.94%),P:1e-46	Tpos:98.2,Tstd:49.9,Bpos:98.8,Bstd:73.7,StrandBias:-0.0,Multiplicity:1.15
0.807	0.001	0.152	0.040
0.001	0.001	0.001	0.997
0.021	0.195	0.001	0.783
0.128	0.013	0.001	0.858
0.133	0.001	0.865	0.001
0.051	0.947	0.001	0.001
0.976	0.001	0.001	0.022
0.029	0.015	0.001	0.955
>CCCATTAA	6-CCCATTAA	5.318187	-101.961097	0	T:1563.0(27.68%),B:954.1(16.75%),P:1e-44	Tpos:101.4,Tstd:50.9,Bpos:96.4,Bstd:71.8,StrandBias:0.1,Multiplicity:1.11
0.001	0.858	0.044	0.097
0.059	0.814	0.033	0.094
0.001	0.912	0.050	0.037
0.997	0.001	0.001	0.001
0.001	0.001	0.001	0.997
0.057	0.091	0.001	0.851
0.783	0.164	0.010	0.043
0.869	0.029	0.101	0.001
>SWGAWTAA	7-SWGAWTAA	5.100964	-74.334444	0	T:1530.0(27.09%),B:1012.0(17.77%),P:1e-32	Tpos:100.5,Tstd:54.1,Bpos:99.5,Bstd:79.0,StrandBias:0.0,Multiplicity:1.09
0.092	0.360	0.475	0.073
0.446	0.001	0.053	0.500
0.001	0.205	0.500	0.294
0.691	0.001	0.199	0.109
0.375	0.047	0.099	0.479
0.124	0.227	0.013	0.636
0.725	0.040	0.180	0.055
0.511	0.146	0.342	0.001
>CKATCGTT	8-CKATCGTT	5.146939	-70.064830	0	T:1189.0(21.06%),B:736.0(12.93%),P:1e-30	Tpos:98.1,Tstd:52.9,Bpos:96.6,Bstd:68.9,StrandBias:0.0,Multiplicity:1.08
0.098	0.701	0.001	0.200
0.091	0.067	0.481	0.361
0.831	0.030	0.138	0.001
0.021	0.010	0.209	0.760
0.001	0.577	0.039	0.383
0.031	0.001	0.945	0.023
0.231	0.065	0.067	0.637
0.255	0.076	0.217	0.452
>CCTGTGGA	9-CCTGTGGA	7.461195	-42.698898	0	T:622.0(11.01%),B:360.2(6.33%),P:1e-18	Tpos:97.8,Tstd:50.6,Bpos:100.8,Bstd:50.0,StrandBias:0.2,Multiplicity:1.06
0.001	0.997	0.001	0.001
0.001	0.906	0.092	0.001
0.001	0.078	0.001	0.920
0.001	0.001	0.997	0.001
0.001	0.001	0.212	0.786
0.001	0.001	0.997	0.001
0.001	0.001	0.997	0.001
0.846	0.001	0.001	0.152
>CCRTTYAA	10-CCRTTYAA	7.192185	-40.930654	0	T:581.0(10.29%),B:333.9(5.86%),P:1e-17	Tpos:100.8,Tstd:51.8,Bpos:100.3,Bstd:76.9,StrandBias:-0.2,Multiplicity:1.04
0.001	0.966	0.032	0.001
0.250	0.748	0.001	0.001
0.462	0.001	0.352	0.185
0.001	0.375	0.001	0.623
0.001	0.035	0.001	0.963
0.149	0.377	0.001	0.473
0.779	0.001	0.001	0.219
0.861	0.137	0.001	0.001
>TAAGTACT	11-TAAGTACT	7.406673	-34.943850	0	T:305.0(5.40%),B:142.4(2.50%),P:1e-15	Tpos:89.6,Tstd:49.4,Bpos:108.9,Bstd:63.8,StrandBias:-0.1,Multiplicity:1.00
0.001	0.042	0.082	0.875
0.796	0.001	0.150	0.053
0.933	0.001	0.065	0.001
0.055	0.032	0.912	0.001
0.001	0.101	0.001	0.897
0.824	0.001	0.174	0.001
0.030	0.856	0.027	0.087
0.025	0.001	0.012	0.962
>GTTAACTM	12-GTTAACTM	5.908381	-31.947038	0	T:459.0(8.13%),B:264.8(4.65%),P:1e-13	Tpos:100.5,Tstd:56.0,Bpos:95.4,Bstd:71.2,StrandBias:0.2,Multiplicity:1.05
0.350	0.044	0.605	0.001
0.001	0.037	0.117	0.845
0.098	0.349	0.001	0.552
0.448	0.109	0.264	0.179
0.620	0.001	0.001	0.378
0.075	0.646	0.001	0.278
0.352	0.060	0.012	0.576
0.462	0.482	0.001	0.055
>TTCAAAGA	13-TTCAAAGA	9.642206	-26.931854	0	T:212.0(3.75%),B:94.6(1.66%),P:1e-11	Tpos:102.4,Tstd:52.9,Bpos:92.2,Bstd:71.7,StrandBias:-0.0,Multiplicity:1.03
0.001	0.001	0.001	0.997
0.240	0.001	0.001	0.758
0.001	0.997	0.001	0.001
0.997	0.001	0.001	0.001
0.997	0.001	0.001	0.001
0.997	0.001	0.001	0.001
0.001	0.001	0.997	0.001
0.997	0.001	0.001	0.001
>CTTTTGTA	14-CTTTTGTA	7.227577	-26.389517	0	T:624.0(11.05%),B:417.6(7.33%),P:1e-11	Tpos:102.4,Tstd:52.2,Bpos:104.4,Bstd:70.6,StrandBias:0.0,Multiplicity:1.08
0.001	0.997	0.001	0.001
0.001	0.001	0.001	0.997
0.001	0.001	0.001	0.997
0.001	0.108	0.089	0.802
0.001	0.001	0.001	0.997
0.001	0.001	0.997	0.001
0.203	0.001	0.001	0.795
0.713	0.155	0.131	0.001
>CACARTGG	15-CACARTGG	8.555662	-26.141951	0	T:319.0(5.65%),B:173.0(3.04%),P:1e-11	Tpos:106.2,Tstd:48.3,Bpos:104.1,Bstd:62.2,StrandBias:0.0,Multiplicity:1.01
0.012	0.979	0.002	0.007
0.886	0.112	0.001	0.001
0.001	0.997	0.001	0.001
0.974	0.012	0.011	0.003
0.552	0.007	0.440	0.001
0.001	0.001	0.001	0.997
0.001	0.280	0.643	0.076
0.266	0.001	0.529	0.204
>YGTTRATT	16-YGTTRATT	8.253607	-26.095011	0	T:262.0(4.64%),B:131.8(2.32%),P:1e-11	Tpos:98.9,Tstd:51.7,Bpos:97.5,Bstd:46.8,StrandBias:-0.5,Multiplicity:1.01
0.001	0.496	0.001	0.502
0.160	0.001	0.838	0.001
0.033	0.066	0.001	0.900
0.395	0.001	0.001	0.603
0.381	0.001	0.457	0.161
0.997	0.001	0.001	0.001
0.001	0.001	0.066	0.932
0.001	0.043	0.033	0.923
>CCCCCACK	17-CCCCCACK	3.390214	-22.086139	0	T:862.0(15.26%),B:643.4(11.30%),P:1e-9	Tpos:97.4,Tstd:55.1,Bpos:97.0,Bstd:53.7,StrandBias:0.0,Multiplicity:1.12
0.001	0.997	0.001	0.001
0.001	0.997	0.001	0.001
0.001	0.997	0.001	0.001
0.001	0.997	0.001	0.001
0.001	0.997	0.001	0.001
0.997	0.001	0.001	0.001
0.001	0.947	0.051	0.001
0.001	0.168	0.371	0.461
>TAATCTTC	18-TAATCTTC	9.044600	-20.943128	0	T:118.0(2.09%),B:43.3(0.76%),P:1e-9	Tpos:97.5,Tstd:54.9,Bpos:103.6,Bstd:83.8,StrandBias:-0.4,Multiplicity:1.03
0.001	0.001	0.001	0.997
0.997	0.001	0.001	0.001
0.997	0.001	0.001	0.001
0.001	0.001	0.001	0.997
0.001	0.997	0.001	0.001
0.001	0.001	0.045	0.953
0.304	0.001	0.152	0.543
0.092	0.906	0.001	0.001
>CCCGGCAG	19-CCCGGCAG	6.887818	-18.824884	0	T:947.0(16.77%),B:738.7(12.97%),P:1e-8	Tpos:98.2,Tstd:54.3,Bpos:100.6,Bstd:51.0,StrandBias:-0.1,Multiplicity:1.14
0.028	0.970	0.001	0.001
0.117	0.795	0.052	0.036
0.036	0.781	0.097	0.086
0.001	0.095	0.752	0.152
0.001	0.001	0.976	0.022
0.054	0.916	0.001	0.029
0.901	0.032	0.001	0.066
0.001	0.051	0.907	0.041
>CGCCGGAA	20-CGCCGGAA	7.248843	-16.990645	0	T:221.0(3.91%),B:124.3(2.18%),P:1e-7	Tpos:99.7,Tstd:54.0,Bpos:95.0,Bstd:50.2,StrandBias:-0.1,Multiplicity:1.12
0.097	0.799	0.103	0.001
0.099	0.001	0.758	0.142
0.001	0.972	0.026	0.001
0.001	0.972	0.001	0.026
0.048	0.001	0.921	0.030
0.032	0.001	0.949	0.018
0.894	0.074	0.001	0.031
0.829	0.001	0.122	0.048
>AAGTGTTT	21-AAGTGTTT	10.053211	-12.688288	0	T:155.0(2.74%),B:86.3(1.52%),P:1e-5	Tpos:103.9,Tstd:56.5,Bpos:98.2,Bstd:78.6,StrandBias:0.0,Multiplicity:1.03
0.997	0.001	0.001	0.001
0.997	0.001	0.001	0.001
0.001	0.362	0.636	0.001
0.001	0.001	0.001	0.997
0.001	0.001	0.997	0.001
0.001	0.001	0.001	0.997
0.001	0.001	0.001	0.997
0.001	0.001	0.001	0.997
>TCCTTTAT	22-TCCTTTAT	8.568091	-11.380849	0	T:133.0(2.36%),B:73.7(1.29%),P:1e-4	Tpos:100.2,Tstd:60.0,Bpos:108.4,Bstd:61.4,StrandBias:0.3,Multiplicity:1.02
0.001	0.001	0.281	0.717
0.001	0.997	0.001	0.001
0.001	0.884	0.114	0.001
0.001	0.001	0.001	0.997
0.001	0.001	0.001	0.997
0.001	0.001	0.001	0.997
0.997	0.001	0.001	0.001
0.001	0.001	0.001	0.997
>ACACTCRG	23-ACACTCRG	7.753133	-11.107124	0	T:120.0(2.13%),B:64.4(1.13%),P:1e-4	Tpos:99.9,Tstd:53.5,Bpos:112.5,Bstd:67.2,StrandBias:-0.2,Multiplicity:1.01
0.997	0.001	0.001	0.001
0.001	0.997	0.001	0.001
0.997	0.001	0.001	0.001
0.001	0.997	0.001	0.001
0.001	0.001	0.001	0.997
0.001	0.997	0.001	0.001
0.458	0.001	0.540	0.001
0.001	0.001	0.919	0.079
>TATTGTCA	24-TATTGTCA	8.236954	-8.759334	0	T:55.0(0.97%),B:23.7(0.42%),P:1e-3	Tpos:88.4,Tstd:53.0,Bpos:0.0,Bstd:0.0,StrandBias:-0.4,Multiplicity:1.00
0.100	0.100	0.100	0.700
0.700	0.100	0.100	0.100
0.100	0.100	0.100	0.700
0.100	0.100	0.100	0.700
0.100	0.100	0.700	0.100
0.100	0.100	0.100	0.700
0.100	0.700	0.100	0.100
0.700	0.100	0.100	0.100
