>GGCCATAAATCA	HOXA9(Homeobox)/HSC-Hoxa9-ChIP-Seq(GSE33509)/Homer	6.737316	-5.145243	0	T:359.0(6.36%),B:298.2(5.24%),P:1e-2
0.275	0.104	0.517	0.104
0.207	0.207	0.552	0.034
0.034	0.586	0.103	0.277
0.241	0.586	0.001	0.172
0.794	0.034	0.171	0.001
0.001	0.001	0.033	0.965
0.621	0.241	0.069	0.069
0.931	0.034	0.001	0.034
0.862	0.034	0.001	0.103
0.137	0.001	0.068	0.794
0.069	0.759	0.069	0.103
0.553	0.137	0.034	0.276
