>CCCCCTGGGGTT	10-CCCCCTGGGGTT	7.135419	-27.478209	0	T:653.0(11.56%),B:437.1(7.68%),P:1e-11
0.048	0.827	0.042	0.083
0.041	0.824	0.027	0.108
0.089	0.767	0.055	0.089
0.041	0.897	0.007	0.055
0.069	0.869	0.034	0.028
0.068	0.021	0.076	0.835
0.027	0.027	0.932	0.014
0.048	0.062	0.794	0.096
0.063	0.021	0.874	0.042
0.041	0.082	0.822	0.055
0.076	0.123	0.049	0.752
0.041	0.068	0.073	0.818
