>NVATCAAAGGNN	5-NVATCAAAGGNN	7.336488	-88.144073	0	T:819.0(14.50%),B:398.1(6.99%),P:1e-38
0.259	0.232	0.254	0.255
0.265	0.320	0.255	0.160
0.806	0.074	0.037	0.083
0.158	0.036	0.063	0.743
0.053	0.844	0.072	0.031
0.949	0.027	0.010	0.014
0.881	0.056	0.046	0.017
0.909	0.014	0.046	0.031
0.042	0.017	0.898	0.043
0.052	0.053	0.845	0.050
0.243	0.318	0.268	0.171
0.299	0.254	0.197	0.250
