>CCATTCATTCCT	25-CCATTCATTCCT	10.347329	-17.010267	0	T:42.0(0.74%),B:6.1(0.11%),P:1e-7
0.031	0.772	0.114	0.083
0.041	0.885	0.021	0.053
0.937	0.021	0.010	0.032
0.041	0.053	0.042	0.864
0.052	0.042	0.073	0.833
0.052	0.834	0.041	0.073
0.812	0.042	0.021	0.125
0.021	0.063	0.083	0.833
0.032	0.062	0.062	0.844
0.073	0.811	0.084	0.032
0.053	0.842	0.010	0.095
0.084	0.104	0.063	0.749
