>GCCTTTAGAAAC	11-GCCTTTAGAAAC,BestGuess:RME1/MA0370.1/Jaspar(0.651)	9.737715	-26.459945	0	T:58.0(1.03%),B:6.7(0.12%),P:1e-11
0.070	0.035	0.872	0.023
0.069	0.804	0.069	0.058
0.093	0.838	0.023	0.046
0.068	0.105	0.035	0.792
0.046	0.012	0.047	0.895
0.035	0.058	0.046	0.861
0.792	0.046	0.069	0.093
0.081	0.058	0.826	0.035
0.883	0.093	0.012	0.012
0.861	0.023	0.069	0.047
0.837	0.070	0.035	0.058
0.093	0.756	0.069	0.082
