>CAGGGATCTTTT	15-CAGGGATCTTTT	8.037446	-24.338505	0	T:46.0(0.81%),B:3.5(0.06%),P:1e-10
0.225	0.377	0.211	0.186
0.632	0.095	0.123	0.150
0.139	0.068	0.674	0.119
0.135	0.085	0.643	0.137
0.149	0.139	0.599	0.113
0.563	0.156	0.141	0.140
0.131	0.132	0.159	0.578
0.107	0.609	0.135	0.149
0.125	0.127	0.075	0.673
0.098	0.123	0.126	0.653
0.118	0.134	0.127	0.621
0.206	0.216	0.199	0.378
