>TTATTTAGCACA	23-TTATTTAGCACA,BestGuess:YAP1(MacIsaac)/Yeast(0.664)	10.251254	-19.618363	0	T:44.0(0.78%),B:6.0(0.10%),P:1e-8
0.031	0.093	0.062	0.814
0.037	0.068	0.047	0.848
0.776	0.125	0.068	0.031
0.016	0.001	0.093	0.890
0.078	0.031	0.047	0.844
0.016	0.126	0.053	0.805
0.893	0.001	0.013	0.093
0.078	0.047	0.828	0.047
0.047	0.827	0.047	0.079
0.884	0.062	0.001	0.053
0.138	0.753	0.062	0.047
0.860	0.077	0.001	0.062
