>GTTTCTAAAGGC	11-GCCTTTAGAAAC	9.737715	-26.459945	0	T:58.0(1.03%),B:6.7(0.12%),P:1e-11
0.082	0.069	0.756	0.093
0.058	0.035	0.070	0.837
0.047	0.069	0.023	0.861
0.012	0.012	0.093	0.883
0.035	0.826	0.058	0.081
0.093	0.069	0.046	0.792
0.861	0.046	0.058	0.035
0.895	0.047	0.012	0.046
0.792	0.035	0.105	0.068
0.046	0.023	0.838	0.093
0.058	0.069	0.804	0.069
0.023	0.872	0.035	0.070
