>HAGGACCACATG	12-CATGTGGTCCTD	9.863891	-25.190637	0	T:61.0(1.08%),B:8.3(0.15%),P:1e-10
0.242	0.238	0.145	0.375
0.659	0.026	0.251	0.064
0.119	0.001	0.829	0.051
0.055	0.259	0.685	0.001
0.848	0.050	0.101	0.001
0.098	0.630	0.119	0.153
0.123	0.779	0.034	0.064
0.805	0.106	0.030	0.059
0.068	0.843	0.051	0.038
0.629	0.188	0.055	0.128
0.085	0.017	0.183	0.715
0.001	0.067	0.852	0.080
