>TGTGCTAAATAA	23-TTATTTAGCACA	10.251254	-19.618363	0	T:44.0(0.78%),B:6.0(0.10%),P:1e-8
0.062	0.001	0.077	0.860
0.047	0.062	0.753	0.138
0.053	0.001	0.062	0.884
0.079	0.047	0.827	0.047
0.047	0.828	0.047	0.078
0.093	0.013	0.001	0.893
0.805	0.053	0.126	0.016
0.844	0.047	0.031	0.078
0.890	0.093	0.001	0.016
0.031	0.068	0.125	0.776
0.848	0.047	0.068	0.037
0.814	0.062	0.093	0.031
