>TGCATDWCAAAG	1-TGCATDWCAAAG	7.320858	-258.028745	0	T:1659.0(29.38%),B:704.4(12.37%),P:1e-112
0.232	0.017	0.031	0.720
0.240	0.175	0.568	0.017
0.224	0.774	0.001	0.001
0.847	0.079	0.001	0.073
0.162	0.085	0.015	0.738
0.344	0.136	0.207	0.314
0.516	0.019	0.001	0.464
0.056	0.563	0.300	0.081
0.971	0.009	0.001	0.019
0.980	0.001	0.018	0.001
0.588	0.001	0.031	0.380
0.235	0.045	0.670	0.050
