>DCWCAGCRGG	1-DCWCAGCRGG	6.168448	-620.496541	0	T:3540.0(42.61%),B:5086.3(22.04%),P:1e-269	Tpos:121.3,Tstd:56.8,Bpos:99.6,Bstd:53.8,StrandBias:-0.0,Multiplicity:1.27
0.361	0.047	0.238	0.353
0.188	0.732	0.079	0.001
0.361	0.206	0.061	0.372
0.001	0.992	0.001	0.006
0.716	0.233	0.024	0.027
0.308	0.016	0.593	0.083
0.001	0.746	0.025	0.228
0.426	0.015	0.332	0.227
0.067	0.001	0.752	0.180
0.001	0.043	0.921	0.035
>CTTTGWTATG	2-CTTTGWTATG	6.344178	-544.566487	0	T:3261.0(39.26%),B:4714.3(20.43%),P:1e-236	Tpos:123.9,Tstd:60.6,Bpos:100.0,Bstd:70.2,StrandBias:0.1,Multiplicity:1.34
0.068	0.648	0.013	0.271
0.403	0.040	0.001	0.556
0.001	0.001	0.001	0.997
0.003	0.001	0.001	0.995
0.046	0.182	0.745	0.027
0.479	0.001	0.001	0.519
0.223	0.108	0.153	0.516
0.487	0.282	0.193	0.038
0.167	0.001	0.115	0.717
0.063	0.248	0.516	0.173
>GTTAATGGSY	3-GTTAATGGSY	5.819528	-535.846623	0	T:2744.0(33.03%),B:3611.1(15.65%),P:1e-232	Tpos:120.6,Tstd:59.7,Bpos:100.9,Bstd:71.4,StrandBias:0.0,Multiplicity:1.23
0.158	0.178	0.454	0.210
0.121	0.203	0.039	0.637
0.073	0.066	0.117	0.744
0.878	0.001	0.120	0.001
0.997	0.001	0.001	0.001
0.147	0.001	0.064	0.788
0.118	0.003	0.578	0.301
0.209	0.009	0.732	0.050
0.060	0.411	0.378	0.150
0.050	0.400	0.104	0.446
>GBTAATCWCY	4-GBTAATCWCY	6.113900	-249.422188	0	T:1610.0(19.38%),B:2237.6(9.70%),P:1e-108	Tpos:124.1,Tstd:65.6,Bpos:100.1,Bstd:69.1,StrandBias:-0.1,Multiplicity:1.11
0.016	0.209	0.700	0.075
0.110	0.336	0.232	0.322
0.047	0.085	0.024	0.844
0.873	0.001	0.070	0.056
0.914	0.031	0.054	0.001
0.001	0.014	0.070	0.915
0.001	0.877	0.022	0.100
0.499	0.099	0.001	0.402
0.060	0.780	0.124	0.036
0.083	0.402	0.008	0.507
>CCATTGTYTV	5-CCATTGTYTV	7.449793	-241.153023	0	T:1821.0(21.92%),B:2714.3(11.76%),P:1e-104	Tpos:121.7,Tstd:61.9,Bpos:103.2,Bstd:68.4,StrandBias:0.1,Multiplicity:1.13
0.001	0.716	0.001	0.282
0.143	0.594	0.001	0.262
0.711	0.001	0.001	0.287
0.001	0.001	0.001	0.997
0.001	0.001	0.001	0.997
0.050	0.192	0.757	0.001
0.001	0.001	0.001	0.997
0.090	0.435	0.001	0.473
0.052	0.244	0.001	0.703
0.271	0.312	0.275	0.142
>CTGATTGYTB	6-CTGATTGYTB	6.200152	-222.379254	0	T:1836.0(22.10%),B:2828.3(12.26%),P:1e-96	Tpos:121.9,Tstd:62.5,Bpos:99.9,Bstd:62.7,StrandBias:0.0,Multiplicity:1.09
0.127	0.521	0.045	0.307
0.025	0.001	0.001	0.973
0.001	0.001	0.997	0.001
0.997	0.001	0.001	0.001
0.001	0.065	0.277	0.657
0.159	0.134	0.174	0.533
0.001	0.001	0.980	0.018
0.001	0.533	0.001	0.465
0.001	0.407	0.001	0.591
0.117	0.343	0.235	0.306
>CWCCCCAGGR	7-CWCCCCAGGR	6.813013	-161.300564	0	T:2051.0(24.69%),B:3627.0(15.72%),P:1e-70	Tpos:121.4,Tstd:66.6,Bpos:99.2,Bstd:52.6,StrandBias:-0.1,Multiplicity:1.15
0.147	0.764	0.072	0.017
0.405	0.167	0.040	0.388
0.071	0.799	0.020	0.110
0.176	0.553	0.054	0.217
0.001	0.975	0.023	0.001
0.107	0.669	0.001	0.223
0.568	0.024	0.257	0.151
0.016	0.001	0.963	0.020
0.001	0.001	0.997	0.001
0.443	0.059	0.399	0.099
>RAGTACTTGA	8-RAGTACTTGA	4.713790	-153.884692	0	T:2515.0(30.28%),B:4782.5(20.73%),P:1e-66	Tpos:121.5,Tstd:69.1,Bpos:101.7,Bstd:72.2,StrandBias:0.0,Multiplicity:1.17
0.512	0.089	0.398	0.001
0.635	0.001	0.257	0.107
0.058	0.022	0.869	0.051
0.001	0.111	0.001	0.887
0.974	0.001	0.024	0.001
0.091	0.846	0.062	0.001
0.001	0.067	0.001	0.931
0.001	0.001	0.010	0.988
0.300	0.042	0.543	0.115
0.507	0.188	0.304	0.001
>GTCTTTGACG	9-GTCTTTGACG	4.641470	-152.367805	0	T:2503.0(30.13%),B:4763.5(20.64%),P:1e-66	Tpos:121.1,Tstd:68.7,Bpos:100.0,Bstd:65.2,StrandBias:0.0,Multiplicity:1.15
0.120	0.145	0.613	0.122
0.119	0.148	0.141	0.592
0.128	0.625	0.126	0.121
0.148	0.128	0.103	0.621
0.107	0.143	0.123	0.627
0.126	0.102	0.125	0.647
0.133	0.133	0.605	0.129
0.616	0.121	0.134	0.129
0.175	0.512	0.163	0.150
0.148	0.160	0.544	0.148
>TTTGCATAAC	10-TTTGCATAAC	7.274459	-152.349575	0	T:813.0(9.79%),B:1006.8(4.36%),P:1e-66	Tpos:123.2,Tstd:60.5,Bpos:99.4,Bstd:69.6,StrandBias:-0.2,Multiplicity:1.03
0.001	0.008	0.008	0.983
0.001	0.106	0.004	0.889
0.125	0.001	0.008	0.866
0.045	0.056	0.898	0.001
0.010	0.941	0.001	0.048
0.983	0.008	0.008	0.001
0.016	0.036	0.049	0.899
0.858	0.075	0.018	0.049
0.933	0.001	0.001	0.065
0.097	0.869	0.001	0.033
>TAATGAGGCC	11-TAATGAGGCC	6.577052	-109.395039	0	T:1089.0(13.11%),B:1749.0(7.58%),P:1e-47	Tpos:123.6,Tstd:67.2,Bpos:98.2,Bstd:63.2,StrandBias:0.0,Multiplicity:1.04
0.065	0.055	0.079	0.801
0.867	0.047	0.076	0.010
0.795	0.048	0.057	0.100
0.060	0.045	0.058	0.837
0.055	0.138	0.695	0.112
0.820	0.052	0.055	0.073
0.063	0.005	0.855	0.077
0.072	0.086	0.810	0.032
0.060	0.746	0.083	0.111
0.068	0.780	0.074	0.078
>TTAAGTGGCT	12-TTAAGTGGCT	6.679665	-99.309158	0	T:1001.0(12.05%),B:1610.2(6.98%),P:1e-43	Tpos:121.8,Tstd:69.7,Bpos:100.6,Bstd:67.0,StrandBias:0.0,Multiplicity:1.06
0.067	0.064	0.093	0.776
0.088	0.047	0.012	0.853
0.721	0.092	0.139	0.048
0.822	0.064	0.093	0.021
0.071	0.056	0.862	0.011
0.049	0.063	0.025	0.863
0.017	0.009	0.892	0.082
0.094	0.010	0.814	0.082
0.083	0.719	0.123	0.075
0.064	0.176	0.072	0.688
>ATTGCAAATG	13-ATTGCAAATG	8.228731	-76.536173	0	T:413.0(4.97%),B:510.8(2.21%),P:1e-33	Tpos:126.6,Tstd:64.1,Bpos:96.6,Bstd:67.7,StrandBias:0.0,Multiplicity:1.04
0.877	0.051	0.001	0.071
0.113	0.001	0.001	0.885
0.071	0.001	0.059	0.869
0.001	0.001	0.997	0.001
0.001	0.767	0.024	0.208
0.964	0.001	0.034	0.001
0.901	0.013	0.013	0.073
0.890	0.013	0.055	0.042
0.001	0.001	0.001	0.997
0.015	0.027	0.869	0.089
>CCCCCCCCCM	14-CCCCCCCCCM	6.972724	-64.399393	0	T:1415.0(17.03%),B:2793.4(12.11%),P:1e-27	Tpos:119.3,Tstd:69.2,Bpos:98.8,Bstd:53.2,StrandBias:-0.1,Multiplicity:1.20
0.104	0.623	0.098	0.175
0.112	0.514	0.113	0.261
0.005	0.830	0.001	0.164
0.075	0.695	0.037	0.193
0.028	0.907	0.001	0.064
0.186	0.812	0.001	0.001
0.166	0.708	0.062	0.064
0.278	0.720	0.001	0.001
0.231	0.673	0.001	0.095
0.287	0.422	0.198	0.093
>ATTAGCACTT	15-ATTAGCACTT	8.891846	-58.928753	0	T:216.0(2.60%),B:213.9(0.93%),P:1e-25	Tpos:120.9,Tstd:61.6,Bpos:107.7,Bstd:73.0,StrandBias:0.3,Multiplicity:1.02
0.931	0.043	0.025	0.001
0.001	0.001	0.062	0.936
0.001	0.024	0.001	0.974
0.876	0.043	0.029	0.052
0.001	0.001	0.956	0.042
0.001	0.974	0.001	0.024
0.959	0.001	0.001	0.039
0.001	0.843	0.091	0.065
0.124	0.165	0.001	0.710
0.024	0.001	0.001	0.974
>TGTGTGGGTG	16-TGTGTGGGTG	5.897996	-52.653384	0	T:1652.0(19.89%),B:3483.0(15.09%),P:1e-22	Tpos:123.6,Tstd:71.4,Bpos:97.7,Bstd:60.9,StrandBias:0.1,Multiplicity:1.10
0.014	0.003	0.052	0.931
0.001	0.131	0.867	0.001
0.155	0.016	0.001	0.828
0.001	0.004	0.986	0.009
0.143	0.001	0.001	0.855
0.001	0.110	0.740	0.149
0.217	0.058	0.667	0.058
0.001	0.001	0.997	0.001
0.274	0.169	0.117	0.440
0.021	0.187	0.702	0.090
>CGGDCGATCG	17-CGGDCGATCG	1.314732	-52.549676	0	T:1324.0(15.94%),B:2678.7(11.61%),P:1e-22	Tpos:123.9,Tstd:66.3,Bpos:98.8,Bstd:55.2,StrandBias:0.1,Multiplicity:1.25
0.001	0.941	0.057	0.001
0.001	0.001	0.997	0.001
0.355	0.001	0.643	0.001
0.358	0.001	0.332	0.309
0.001	0.941	0.001	0.057
0.355	0.001	0.643	0.001
0.965	0.033	0.001	0.001
0.001	0.001	0.033	0.965
0.001	0.997	0.001	0.001
0.001	0.057	0.941	0.001
>ACTTCCGGCG	18-ACTTCCGGCG	9.290787	-40.216915	0	T:153.0(1.84%),B:156.4(0.68%),P:1e-17	Tpos:119.5,Tstd:60.0,Bpos:94.0,Bstd:48.2,StrandBias:-0.2,Multiplicity:1.06
0.651	0.001	0.161	0.187
0.001	0.997	0.001	0.001
0.034	0.218	0.138	0.610
0.001	0.001	0.001	0.997
0.001	0.879	0.119	0.001
0.073	0.925	0.001	0.001
0.003	0.004	0.750	0.243
0.001	0.056	0.925	0.018
0.302	0.576	0.121	0.001
0.161	0.142	0.696	0.001
>CTTTAAAAGR	19-CTTTAAAAGR	8.528090	-32.971193	0	T:147.0(1.77%),B:166.3(0.72%),P:1e-14	Tpos:136.1,Tstd:75.4,Bpos:99.3,Bstd:73.7,StrandBias:-0.0,Multiplicity:1.00
0.218	0.489	0.251	0.042
0.071	0.048	0.016	0.865
0.116	0.025	0.202	0.657
0.001	0.336	0.078	0.585
0.535	0.066	0.139	0.260
0.907	0.001	0.084	0.008
0.737	0.008	0.051	0.204
0.681	0.038	0.245	0.036
0.061	0.034	0.880	0.025
0.450	0.206	0.307	0.038
>AGATCGCTTC	20-AGATCGCTTC	9.782701	-27.158348	0	T:63.0(0.76%),B:44.6(0.19%),P:1e-11	Tpos:122.3,Tstd:63.4,Bpos:106.0,Bstd:49.4,StrandBias:0.0,Multiplicity:1.02
0.955	0.043	0.001	0.001
0.024	0.001	0.974	0.001
0.974	0.024	0.001	0.001
0.001	0.001	0.129	0.869
0.062	0.756	0.082	0.100
0.001	0.001	0.852	0.146
0.001	0.997	0.001	0.001
0.001	0.001	0.001	0.997
0.044	0.168	0.041	0.747
0.001	0.997	0.001	0.001
>GTTTACTCAT	21-GTTTACTCAT	9.692987	-23.873241	0	T:39.0(0.47%),B:18.3(0.08%),P:1e-10	Tpos:143.1,Tstd:79.0,Bpos:82.5,Bstd:67.1,StrandBias:0.9,Multiplicity:1.00
0.001	0.001	0.997	0.001
0.001	0.001	0.001	0.997
0.054	0.001	0.054	0.891
0.001	0.001	0.108	0.890
0.997	0.001	0.001	0.001
0.001	0.997	0.001	0.001
0.001	0.001	0.001	0.997
0.001	0.834	0.164	0.001
0.997	0.001	0.001	0.001
0.001	0.001	0.001	0.997
>TCACGTGACS	22-TCACGTGACS	8.229154	-21.203457	0	T:109.0(1.31%),B:135.0(0.59%),P:1e-9	Tpos:127.5,Tstd:60.3,Bpos:98.3,Bstd:40.1,StrandBias:0.1,Multiplicity:1.24
0.001	0.010	0.001	0.988
0.001	0.997	0.001	0.001
0.997	0.001	0.001	0.001
0.001	0.929	0.069	0.001
0.001	0.001	0.997	0.001
0.001	0.017	0.001	0.981
0.001	0.001	0.997	0.001
0.902	0.037	0.030	0.031
0.037	0.860	0.094	0.009
0.095	0.387	0.495	0.023
>AGAAGTTAAG	23-AGAAGTTAAG	11.554947	-20.606479	0	T:38.0(0.46%),B:21.9(0.09%),P:1e-8	Tpos:122.7,Tstd:70.2,Bpos:105.6,Bstd:62.0,StrandBias:0.0,Multiplicity:1.00
0.849	0.001	0.149	0.001
0.001	0.001	0.997	0.001
0.997	0.001	0.001	0.001
0.997	0.001	0.001	0.001
0.001	0.001	0.997	0.001
0.001	0.001	0.120	0.878
0.001	0.001	0.001	0.997
0.997	0.001	0.001	0.001
0.997	0.001	0.001	0.001
0.001	0.001	0.997	0.001
>CCTTACAAAT	24-CCTTACAAAT	11.600976	-16.002639	0	T:22.0(0.26%),B:8.6(0.04%),P:1e-6	Tpos:122.7,Tstd:62.5,Bpos:78.2,Bstd:47.1,StrandBias:-0.3,Multiplicity:1.00
0.001	0.997	0.001	0.001
0.001	0.997	0.001	0.001
0.001	0.001	0.001	0.997
0.001	0.001	0.001	0.997
0.997	0.001	0.001	0.001
0.001	0.997	0.001	0.001
0.891	0.107	0.001	0.001
0.997	0.001	0.001	0.001
0.997	0.001	0.001	0.001
0.001	0.001	0.001	0.997
>CGCGCGCGTG	25-CGCGCGCGTG	10.813421	-12.765224	0	T:61.0(0.73%),B:75.5(0.33%),P:1e-5	Tpos:119.5,Tstd:68.9,Bpos:93.0,Bstd:56.3,StrandBias:0.2,Multiplicity:1.05
0.001	0.784	0.214	0.001
0.001	0.372	0.626	0.001
0.001	0.619	0.379	0.001
0.001	0.001	0.997	0.001
0.001	0.997	0.001	0.001
0.001	0.004	0.994	0.001
0.001	0.997	0.001	0.001
0.303	0.001	0.695	0.001
0.001	0.370	0.001	0.628
0.001	0.001	0.997	0.001
>DCHCAGCAGGRV	1-DCHCAGCAGGRV	7.461402	-494.599068	0	T:2671.0(32.15%),B:3590.0(15.56%),P:1e-214	Tpos:120.6,Tstd:54.5,Bpos:99.1,Bstd:51.2,StrandBias:-0.1,Multiplicity:1.20
0.271	0.139	0.263	0.327
0.211	0.663	0.125	0.001
0.311	0.290	0.087	0.312
0.001	0.967	0.031	0.001
0.825	0.025	0.001	0.149
0.002	0.116	0.881	0.001
0.023	0.898	0.036	0.043
0.621	0.001	0.111	0.267
0.025	0.001	0.750	0.224
0.001	0.001	0.988	0.010
0.391	0.178	0.300	0.131
0.280	0.218	0.354	0.148
>CTTTGWWATGCA	2-CTTTGWWATGCA	7.060660	-477.866939	0	T:2287.0(27.53%),B:2847.0(12.34%),P:1e-207	Tpos:122.5,Tstd:56.4,Bpos:99.6,Bstd:68.0,StrandBias:0.1,Multiplicity:1.21
0.067	0.694	0.001	0.238
0.330	0.019	0.005	0.646
0.001	0.001	0.001	0.997
0.027	0.001	0.001	0.971
0.093	0.259	0.620	0.028
0.420	0.001	0.030	0.549
0.275	0.197	0.124	0.404
0.790	0.107	0.092	0.011
0.120	0.001	0.052	0.827
0.052	0.021	0.762	0.165
0.030	0.566	0.120	0.284
0.816	0.028	0.011	0.145
>NDBCCTTTGTTT	3-NDBCCTTTGTTT	4.564176	-442.313721	0	T:4030.0(48.51%),B:6969.4(30.20%),P:1e-192	Tpos:122.8,Tstd:65.3,Bpos:100.0,Bstd:68.8,StrandBias:0.0,Multiplicity:1.35
0.280	0.223	0.188	0.309
0.277	0.056	0.263	0.404
0.076	0.241	0.347	0.337
0.001	0.533	0.148	0.318
0.001	0.633	0.001	0.365
0.345	0.001	0.001	0.653
0.001	0.001	0.001	0.997
0.001	0.001	0.001	0.997
0.001	0.010	0.988	0.001
0.060	0.001	0.001	0.938
0.001	0.397	0.009	0.593
0.156	0.280	0.008	0.556
>GGTAATTAVCHT	4-GGTAATTAVCHT	5.173036	-282.670365	0	T:3415.0(41.11%),B:6219.6(26.95%),P:1e-122	Tpos:120.8,Tstd:64.9,Bpos:97.7,Bstd:70.8,StrandBias:0.0,Multiplicity:1.29
0.294	0.002	0.672	0.032
0.116	0.108	0.519	0.257
0.178	0.204	0.116	0.502
0.617	0.146	0.230	0.007
0.834	0.163	0.001	0.002
0.003	0.001	0.083	0.913
0.006	0.250	0.186	0.558
0.552	0.044	0.225	0.179
0.277	0.352	0.276	0.095
0.007	0.560	0.146	0.287
0.298	0.348	0.076	0.278
0.244	0.234	0.001	0.521
>GCCATTAGAACC	5-GCCATTAGAACC	0.428587	-174.076547	0	T:5673.0(68.29%),B:13111.3(56.82%),P:1e-75	Tpos:122.9,Tstd:67.9,Bpos:99.6,Bstd:62.2,StrandBias:0.1,Multiplicity:1.49
0.173	0.115	0.654	0.058
0.001	0.941	0.001	0.057
0.001	0.885	0.057	0.057
0.882	0.057	0.001	0.060
0.003	0.001	0.057	0.939
0.001	0.032	0.001	0.966
0.654	0.001	0.115	0.230
0.172	0.001	0.826	0.001
0.678	0.206	0.058	0.058
0.884	0.001	0.114	0.001
0.151	0.791	0.057	0.001
0.003	0.939	0.001	0.057
>CCCCAGGGGGTT	6-CCCCAGGGGGTT	3.709123	-116.381321	0	T:4661.0(56.11%),B:10730.4(46.50%),P:1e-50	Tpos:121.2,Tstd:66.8,Bpos:99.8,Bstd:50.9,StrandBias:-0.0,Multiplicity:1.37
0.071	0.846	0.054	0.029
0.021	0.878	0.018	0.083
0.083	0.888	0.001	0.028
0.019	0.970	0.001	0.010
0.978	0.001	0.010	0.011
0.018	0.046	0.889	0.047
0.087	0.010	0.874	0.029
0.085	0.001	0.855	0.059
0.157	0.028	0.779	0.036
0.036	0.115	0.764	0.085
0.066	0.166	0.130	0.638
0.110	0.090	0.145	0.655
>ATCTAAACAGCT	7-ATCTAAACAGCT	3.702662	-105.152861	0	T:6656.0(80.13%),B:16682.7(72.30%),P:1e-45	Tpos:122.8,Tstd:71.2,Bpos:99.0,Bstd:68.8,StrandBias:0.0,Multiplicity:1.54
0.670	0.139	0.058	0.133
0.091	0.063	0.165	0.681
0.099	0.579	0.172	0.150
0.147	0.180	0.055	0.618
0.584	0.149	0.131	0.136
0.653	0.139	0.123	0.085
0.632	0.112	0.161	0.095
0.078	0.664	0.100	0.158
0.771	0.036	0.049	0.144
0.105	0.082	0.705	0.108
0.097	0.717	0.097	0.089
0.115	0.110	0.048	0.727
>TSHKTGWSWGGG	8-TSHKTGWSWGGG	3.770664	-91.534799	0	T:6508.0(78.34%),B:16360.5(70.90%),P:1e-39	Tpos:123.5,Tstd:72.4,Bpos:99.5,Bstd:59.2,StrandBias:0.0,Multiplicity:1.46
0.163	0.193	0.206	0.438
0.025	0.443	0.403	0.129
0.373	0.238	0.016	0.374
0.049	0.015	0.534	0.402
0.014	0.001	0.063	0.922
0.016	0.181	0.597	0.206
0.454	0.024	0.067	0.454
0.001	0.437	0.538	0.024
0.375	0.001	0.112	0.512
0.001	0.001	0.975	0.023
0.137	0.024	0.658	0.181
0.024	0.001	0.886	0.089
>GCCYCCCAAARM	9-GCCYCCCAAARM	4.288912	-84.442151	0	T:6142.0(73.94%),B:15332.9(66.45%),P:1e-36	Tpos:123.5,Tstd:70.1,Bpos:98.3,Bstd:55.4,StrandBias:-0.1,Multiplicity:1.44
0.146	0.162	0.536	0.156
0.006	0.701	0.149	0.144
0.145	0.479	0.088	0.289
0.084	0.426	0.156	0.333
0.005	0.698	0.287	0.010
0.143	0.568	0.147	0.142
0.009	0.701	0.280	0.010
0.449	0.299	0.101	0.152
0.592	0.107	0.020	0.281
0.543	0.291	0.154	0.012
0.416	0.230	0.346	0.007
0.285	0.388	0.166	0.161
>GTGTACTGAATA	10-GTGTACTGAATA	4.571791	-77.932291	0	T:4894.0(58.91%),B:11798.6(51.13%),P:1e-33	Tpos:123.0,Tstd:71.0,Bpos:98.9,Bstd:68.7,StrandBias:0.0,Multiplicity:1.55
0.100	0.100	0.700	0.100
0.100	0.100	0.100	0.700
0.100	0.100	0.700	0.100
0.100	0.100	0.100	0.700
0.700	0.100	0.100	0.100
0.100	0.700	0.100	0.100
0.100	0.100	0.100	0.700
0.100	0.100	0.700	0.100
0.700	0.100	0.100	0.100
0.700	0.100	0.100	0.100
0.100	0.100	0.100	0.700
0.700	0.100	0.100	0.100
>TGTGTGTGTGTM	11-TGTGTGTGTGTM	-0.894634	-68.586741	0	T:5731.0(68.99%),B:14310.0(62.02%),P:1e-29	Tpos:123.0,Tstd:72.8,Bpos:99.9,Bstd:61.9,StrandBias:0.0,Multiplicity:1.41
0.001	0.001	0.123	0.875
0.003	0.001	0.995	0.001
0.001	0.001	0.358	0.640
0.068	0.001	0.807	0.124
0.001	0.001	0.001	0.997
0.001	0.123	0.875	0.001
0.001	0.122	0.122	0.755
0.001	0.068	0.840	0.091
0.001	0.001	0.001	0.997
0.310	0.192	0.490	0.008
0.080	0.136	0.001	0.783
0.455	0.316	0.205	0.024
>TTTTAGGACCAC	12-TTTTAGGACCAC	3.864681	-64.902595	0	T:6114.0(73.60%),B:15478.9(67.08%),P:1e-28	Tpos:121.1,Tstd:74.2,Bpos:100.5,Bstd:66.3,StrandBias:-0.0,Multiplicity:1.35
0.085	0.136	0.072	0.707
0.049	0.122	0.073	0.756
0.046	0.143	0.081	0.730
0.129	0.197	0.143	0.531
0.768	0.044	0.134	0.054
0.144	0.054	0.711	0.091
0.105	0.168	0.656	0.071
0.670	0.108	0.098	0.124
0.133	0.611	0.156	0.100
0.136	0.674	0.089	0.101
0.604	0.134	0.081	0.181
0.147	0.585	0.140	0.128
>CCCCCCCCCCCC	13-CCCCCCCCCCCC	9.535351	-52.494769	0	T:606.0(7.30%),B:1011.6(4.38%),P:1e-22	Tpos:113.6,Tstd:68.9,Bpos:99.0,Bstd:56.6,StrandBias:-0.3,Multiplicity:1.13
0.059	0.884	0.031	0.026
0.073	0.824	0.028	0.075
0.060	0.823	0.032	0.085
0.086	0.835	0.007	0.072
0.084	0.824	0.014	0.078
0.131	0.805	0.047	0.017
0.107	0.768	0.039	0.086
0.083	0.851	0.003	0.063
0.105	0.816	0.048	0.031
0.067	0.873	0.032	0.028
0.069	0.829	0.085	0.017
0.046	0.868	0.066	0.020
>TTCCTGTCTAGC	14-TTCCTGTCTAGC	-2.556552	-45.844360	0	T:5960.0(71.75%),B:15287.4(66.25%),P:1e-19	Tpos:123.8,Tstd:71.7,Bpos:100.1,Bstd:57.5,StrandBias:-0.1,Multiplicity:1.36
0.001	0.001	0.001	0.997
0.001	0.001	0.156	0.842
0.001	0.997	0.001	0.001
0.157	0.750	0.001	0.092
0.156	0.001	0.001	0.842
0.001	0.314	0.684	0.001
0.001	0.172	0.015	0.812
0.001	0.997	0.001	0.001
0.157	0.090	0.001	0.752
0.595	0.247	0.157	0.001
0.001	0.001	0.842	0.156
0.001	0.997	0.001	0.001
>TATTCTYYCTGA	15-TATTCTYYCTGA	12.685679	-34.269267	0	T:41.0(0.49%),B:10.3(0.04%),P:1e-14	Tpos:114.3,Tstd:52.0,Bpos:92.3,Bstd:61.5,StrandBias:0.4,Multiplicity:1.00
0.001	0.001	0.001	0.997
0.997	0.001	0.001	0.001
0.001	0.001	0.001	0.997
0.001	0.001	0.001	0.997
0.001	0.997	0.001	0.001
0.172	0.001	0.001	0.826
0.173	0.481	0.001	0.346
0.001	0.566	0.001	0.432
0.001	0.820	0.178	0.001
0.001	0.001	0.001	0.997
0.221	0.001	0.777	0.001
0.826	0.172	0.001	0.001
>ACATTCCTGGCA	16-ACATTCCTGGCA	12.266721	-32.178472	0	T:52.0(0.63%),B:23.2(0.10%),P:1e-13	Tpos:124.5,Tstd:55.5,Bpos:99.7,Bstd:36.5,StrandBias:-0.1,Multiplicity:1.00
0.849	0.087	0.021	0.043
0.010	0.988	0.001	0.001
0.997	0.001	0.001	0.001
0.042	0.001	0.001	0.956
0.001	0.042	0.001	0.956
0.001	0.997	0.001	0.001
0.001	0.997	0.001	0.001
0.051	0.001	0.001	0.947
0.043	0.043	0.913	0.001
0.043	0.001	0.900	0.056
0.086	0.888	0.025	0.001
0.857	0.056	0.001	0.086
>TTTCAGAGATCT	17-TTTCAGAGATCT	2.625881	-28.432486	0	T:8149.0(98.10%),B:22289.7(96.60%),P:1e-12	Tpos:123.8,Tstd:73.5,Bpos:99.5,Bstd:68.3,StrandBias:0.0,Multiplicity:2.19
0.100	0.100	0.100	0.700
0.100	0.100	0.100	0.700
0.100	0.100	0.100	0.700
0.100	0.700	0.100	0.100
0.700	0.100	0.100	0.100
0.100	0.100	0.700	0.100
0.700	0.100	0.100	0.100
0.100	0.100	0.700	0.100
0.700	0.100	0.100	0.100
0.100	0.100	0.100	0.700
0.100	0.700	0.100	0.100
0.100	0.100	0.100	0.700
>TTGAATCAACAC	18-TTGAATCAACAC	11.852630	-26.701225	0	T:41.0(0.49%),B:17.9(0.08%),P:1e-11	Tpos:115.2,Tstd:46.5,Bpos:84.0,Bstd:21.6,StrandBias:0.2,Multiplicity:1.00
0.010	0.001	0.001	0.988
0.001	0.001	0.147	0.851
0.001	0.001	0.851	0.147
0.851	0.147	0.001	0.001
0.769	0.001	0.229	0.001
0.001	0.147	0.001	0.851
0.305	0.693	0.001	0.001
0.851	0.147	0.001	0.001
0.559	0.147	0.147	0.147
0.001	0.997	0.001	0.001
0.988	0.001	0.001	0.010
0.001	0.851	0.147	0.001
>GTAGGAGCCTAA	19-GTAGGAGCCTAA	10.409522	-24.633493	0	T:38.0(0.46%),B:16.0(0.07%),P:1e-10	Tpos:111.0,Tstd:61.1,Bpos:107.6,Bstd:69.7,StrandBias:-0.1,Multiplicity:1.07
0.100	0.100	0.700	0.100
0.100	0.100	0.100	0.700
0.700	0.100	0.100	0.100
0.100	0.100	0.700	0.100
0.100	0.100	0.700	0.100
0.700	0.100	0.100	0.100
0.100	0.100	0.700	0.100
0.100	0.700	0.100	0.100
0.100	0.700	0.100	0.100
0.100	0.100	0.100	0.700
0.700	0.100	0.100	0.100
0.700	0.100	0.100	0.100
>ASGGTCACGTGA	20-ASGGTCACGTGA	10.644615	-19.688750	0	T:48.0(0.58%),B:36.9(0.16%),P:1e-8	Tpos:121.4,Tstd:57.6,Bpos:95.3,Bstd:31.8,StrandBias:0.4,Multiplicity:1.18
0.457	0.201	0.226	0.115
0.159	0.427	0.323	0.091
0.114	0.213	0.514	0.159
0.045	0.091	0.863	0.001
0.091	0.156	0.091	0.662
0.022	0.880	0.097	0.001
0.953	0.045	0.001	0.001
0.023	0.863	0.068	0.046
0.001	0.113	0.818	0.068
0.023	0.023	0.023	0.931
0.001	0.097	0.857	0.045
0.793	0.024	0.159	0.024
>GCACCCCTATCT	21-GCACCCCTATCT	10.409522	-16.253711	0	T:25.0(0.30%),B:11.9(0.05%),P:1e-7	Tpos:119.9,Tstd:62.4,Bpos:155.7,Bstd:31.9,StrandBias:-0.5,Multiplicity:1.00
0.100	0.100	0.700	0.100
0.100	0.700	0.100	0.100
0.700	0.100	0.100	0.100
0.100	0.700	0.100	0.100
0.100	0.700	0.100	0.100
0.100	0.700	0.100	0.100
0.100	0.700	0.100	0.100
0.100	0.100	0.100	0.700
0.700	0.100	0.100	0.100
0.100	0.100	0.100	0.700
0.100	0.700	0.100	0.100
0.100	0.100	0.100	0.700
>GCGAGCGTCCAG	22-GCGAGCGTCCAG	10.409522	-13.932597	0	T:16.0(0.19%),B:4.3(0.02%),P:1e-6	Tpos:113.8,Tstd:59.9,Bpos:85.5,Bstd:43.6,StrandBias:-0.2,Multiplicity:1.00
0.100	0.100	0.700	0.100
0.100	0.700	0.100	0.100
0.100	0.100	0.700	0.100
0.700	0.100	0.100	0.100
0.100	0.100	0.700	0.100
0.100	0.700	0.100	0.100
0.100	0.100	0.700	0.100
0.100	0.100	0.100	0.700
0.100	0.700	0.100	0.100
0.100	0.700	0.100	0.100
0.700	0.100	0.100	0.100
0.100	0.100	0.700	0.100
>WGCCCTGGCGAC	23-WGCCCTGGCGAC	9.418604	-11.100507	0	T:169.0(2.03%),B:312.6(1.35%),P:1e-4	Tpos:120.0,Tstd:69.3,Bpos:100.7,Bstd:51.4,StrandBias:-0.1,Multiplicity:1.00
0.371	0.001	0.161	0.468
0.001	0.001	0.997	0.001
0.001	0.997	0.001	0.001
0.001	0.875	0.123	0.001
0.022	0.976	0.001	0.001
0.016	0.016	0.001	0.967
0.001	0.001	0.997	0.001
0.001	0.123	0.875	0.001
0.001	0.875	0.001	0.123
0.133	0.247	0.496	0.124
0.700	0.001	0.176	0.123
0.001	0.875	0.001	0.123
>AGAGTAGAGGAA	24-AGAGTAGAGGAA	10.266312	-6.594882	0	T:67.0(0.81%),B:115.9(0.50%),P:1e-2	Tpos:143.1,Tstd:72.7,Bpos:98.2,Bstd:59.0,StrandBias:-0.2,Multiplicity:1.00
0.997	0.001	0.001	0.001
0.001	0.001	0.997	0.001
0.997	0.001	0.001	0.001
0.001	0.001	0.997	0.001
0.175	0.247	0.001	0.577
0.657	0.001	0.341	0.001
0.123	0.001	0.875	0.001
0.997	0.001	0.001	0.001
0.001	0.001	0.621	0.377
0.001	0.001	0.997	0.001
0.726	0.001	0.272	0.001
0.997	0.001	0.001	0.001
>CAATTRNC	1-CAATTRNC	4.831877	-482.345057	0	T:4829.0(58.13%),B:8873.2(38.45%),P:1e-209	Tpos:121.5,Tstd:61.5,Bpos:99.2,Bstd:70.2,StrandBias:0.0,Multiplicity:1.55
0.024	0.625	0.001	0.350
0.449	0.274	0.189	0.089
0.997	0.001	0.001	0.001
0.001	0.001	0.001	0.997
0.069	0.367	0.001	0.563
0.419	0.001	0.447	0.133
0.302	0.188	0.241	0.269
0.057	0.453	0.231	0.259
>CCTTTGAT	2-CCTTTGAT	6.148133	-403.786774	0	T:3101.0(37.33%),B:4886.6(21.18%),P:1e-175	Tpos:122.6,Tstd:62.1,Bpos:99.8,Bstd:69.2,StrandBias:-0.0,Multiplicity:1.30
0.054	0.602	0.163	0.181
0.064	0.706	0.071	0.159
0.044	0.046	0.015	0.895
0.009	0.044	0.073	0.874
0.014	0.009	0.001	0.976
0.063	0.080	0.788	0.069
0.539	0.001	0.084	0.376
0.230	0.094	0.056	0.620
>ACAGCAGG	3-ACAGCAGG	7.106980	-314.121072	0	T:1681.0(20.24%),B:2152.6(9.33%),P:1e-136	Tpos:120.7,Tstd:56.4,Bpos:99.5,Bstd:54.1,StrandBias:-0.0,Multiplicity:1.11
0.760	0.001	0.001	0.238
0.001	0.997	0.001	0.001
0.997	0.001	0.001	0.001
0.041	0.001	0.957	0.001
0.001	0.997	0.001	0.001
0.768	0.001	0.083	0.148
0.001	0.001	0.997	0.001
0.001	0.001	0.997	0.001
>AACAATGV	4-AACAATGV	2.410409	-307.007567	0	T:2325.0(27.99%),B:3534.9(15.32%),P:1e-133	Tpos:121.9,Tstd:61.1,Bpos:102.6,Bstd:72.1,StrandBias:-0.0,Multiplicity:1.14
0.684	0.001	0.314	0.001
0.997	0.001	0.001	0.001
0.001	0.997	0.001	0.001
0.997	0.001	0.001	0.001
0.997	0.001	0.001	0.001
0.001	0.001	0.001	0.997
0.401	0.001	0.597	0.001
0.289	0.380	0.330	0.001
>BTAARTRG	5-BTAARTRG	4.524287	-281.074924	0	T:5364.0(64.57%),B:11455.4(49.64%),P:1e-122	Tpos:121.7,Tstd:67.5,Bpos:98.9,Bstd:66.7,StrandBias:0.0,Multiplicity:1.54
0.001	0.362	0.290	0.347
0.001	0.154	0.001	0.844
0.595	0.001	0.345	0.059
0.997	0.001	0.001	0.001
0.513	0.001	0.485	0.001
0.001	0.155	0.001	0.843
0.485	0.001	0.513	0.001
0.001	0.356	0.608	0.035
>ATTTGCAT	6-ATTTGCAT	5.219776	-273.523789	0	T:3146.0(37.87%),B:5607.0(24.30%),P:1e-118	Tpos:122.0,Tstd:63.6,Bpos:99.4,Bstd:71.2,StrandBias:0.0,Multiplicity:1.35
0.812	0.035	0.110	0.043
0.001	0.001	0.001	0.997
0.016	0.123	0.001	0.860
0.067	0.011	0.001	0.921
0.155	0.001	0.843	0.001
0.075	0.923	0.001	0.001
0.997	0.001	0.001	0.001
0.037	0.016	0.027	0.920
>CTAATCGC	7-CTAATCGC	5.838987	-244.700348	0	T:1365.0(16.43%),B:1760.4(7.63%),P:1e-106	Tpos:122.4,Tstd:61.8,Bpos:98.4,Bstd:66.0,StrandBias:-0.0,Multiplicity:1.05
0.067	0.760	0.060	0.113
0.033	0.001	0.039	0.927
0.597	0.025	0.314	0.064
0.733	0.033	0.144	0.090
0.022	0.089	0.015	0.874
0.101	0.672	0.155	0.072
0.186	0.040	0.618	0.156
0.034	0.831	0.102	0.033
>WTGAAWGG	8-WTGAAWGG	2.419159	-211.333700	0	T:4258.0(51.26%),B:8847.9(38.34%),P:1e-91	Tpos:122.3,Tstd:69.7,Bpos:100.2,Bstd:67.9,StrandBias:-0.1,Multiplicity:1.24
0.574	0.001	0.001	0.424
0.001	0.001	0.001	0.997
0.001	0.001	0.997	0.001
0.997	0.001	0.001	0.001
0.997	0.001	0.001	0.001
0.424	0.001	0.001	0.574
0.285	0.001	0.713	0.001
0.001	0.001	0.997	0.001
>CCTGTGGA	9-CCTGTGGA	7.013458	-135.943679	0	T:1630.0(19.62%),B:2805.6(12.16%),P:1e-59	Tpos:123.4,Tstd:65.9,Bpos:100.2,Bstd:53.8,StrandBias:0.1,Multiplicity:1.11
0.069	0.678	0.001	0.252
0.001	0.951	0.001	0.047
0.001	0.214	0.130	0.655
0.001	0.145	0.853	0.001
0.001	0.001	0.308	0.690
0.051	0.093	0.855	0.001
0.079	0.068	0.852	0.001
0.500	0.001	0.252	0.247
>TAASTGAT	10-TAASTGAT	2.783255	-133.317329	0	T:3918.0(47.17%),B:8543.6(37.03%),P:1e-57	Tpos:122.8,Tstd:70.9,Bpos:100.1,Bstd:70.6,StrandBias:-0.1,Multiplicity:1.25
0.001	0.001	0.001	0.997
0.936	0.001	0.062	0.001
0.997	0.001	0.001	0.001
0.103	0.494	0.402	0.001
0.001	0.119	0.072	0.808
0.287	0.001	0.711	0.001
0.744	0.254	0.001	0.001
0.001	0.001	0.232	0.766
>CTGCTGGG	11-CTGCTGGG	5.761202	-127.591066	0	T:1690.0(20.34%),B:2992.1(12.97%),P:1e-55	Tpos:124.1,Tstd:61.0,Bpos:100.8,Bstd:54.3,StrandBias:0.0,Multiplicity:1.12
0.140	0.858	0.001	0.001
0.073	0.217	0.001	0.709
0.001	0.001	0.997	0.001
0.162	0.836	0.001	0.001
0.001	0.001	0.001	0.997
0.001	0.001	0.997	0.001
0.001	0.001	0.997	0.001
0.001	0.001	0.997	0.001
>TCATCAAG	12-TCATCAAG	5.338109	-126.195483	0	T:875.0(10.53%),B:1223.0(5.30%),P:1e-54	Tpos:119.0,Tstd:66.0,Bpos:101.4,Bstd:75.5,StrandBias:-0.1,Multiplicity:1.06
0.085	0.201	0.001	0.713
0.001	0.997	0.001	0.001
0.997	0.001	0.001	0.001
0.001	0.001	0.001	0.997
0.001	0.949	0.001	0.049
0.997	0.001	0.001	0.001
0.997	0.001	0.001	0.001
0.224	0.001	0.774	0.001
>TCTATTCT	13-TCTATTCT	2.162091	-111.727883	0	T:2703.0(32.54%),B:5567.9(24.13%),P:1e-48	Tpos:122.4,Tstd:71.9,Bpos:99.3,Bstd:71.5,StrandBias:-0.0,Multiplicity:1.19
0.001	0.001	0.001	0.997
0.001	0.997	0.001	0.001
0.001	0.001	0.001	0.997
0.997	0.001	0.001	0.001
0.001	0.001	0.001	0.997
0.001	0.001	0.001	0.997
0.001	0.863	0.135	0.001
0.001	0.001	0.001	0.997
>GTCACGTG	14-GTCACGTG	-1.057633	-59.277165	0	T:5115.0(61.57%),B:12663.7(54.88%),P:1e-25	Tpos:123.9,Tstd:70.6,Bpos:100.1,Bstd:58.4,StrandBias:-0.0,Multiplicity:1.55
0.001	0.001	0.878	0.120
0.001	0.001	0.135	0.863
0.056	0.942	0.001	0.001
0.997	0.001	0.001	0.001
0.001	0.997	0.001	0.001
0.001	0.001	0.997	0.001
0.001	0.001	0.076	0.922
0.001	0.001	0.997	0.001
>GGGGGGGG	15-GGGGGGGG	3.753688	-55.901113	0	T:1673.0(20.14%),B:3502.3(15.18%),P:1e-24	Tpos:118.8,Tstd:71.5,Bpos:99.2,Bstd:56.2,StrandBias:0.2,Multiplicity:1.28
0.001	0.001	0.907	0.091
0.001	0.001	0.853	0.145
0.001	0.001	0.775	0.223
0.001	0.001	0.997	0.001
0.001	0.001	0.997	0.001
0.001	0.001	0.997	0.001
0.001	0.001	0.997	0.001
0.001	0.001	0.997	0.001
>CGCCGGAA	16-CGCCGGAA	6.898140	-55.722160	0	T:544.0(6.55%),B:860.2(3.73%),P:1e-24	Tpos:126.5,Tstd:64.9,Bpos:97.6,Bstd:51.7,StrandBias:-0.0,Multiplicity:1.17
0.050	0.604	0.302	0.044
0.061	0.001	0.872	0.066
0.039	0.898	0.062	0.001
0.001	0.904	0.022	0.073
0.021	0.001	0.977	0.001
0.011	0.001	0.979	0.009
0.955	0.001	0.001	0.043
0.891	0.032	0.076	0.001
>TCAGTGGG	17-TCAGTGGG	9.211423	-50.419013	0	T:466.0(5.61%),B:723.1(3.13%),P:1e-21	Tpos:122.8,Tstd:62.9,Bpos:101.4,Bstd:54.0,StrandBias:-0.1,Multiplicity:1.01
0.215	0.156	0.001	0.628
0.001	0.997	0.001	0.001
0.997	0.001	0.001	0.001
0.001	0.001	0.997	0.001
0.001	0.001	0.001	0.997
0.001	0.001	0.997	0.001
0.001	0.001	0.997	0.001
0.001	0.001	0.997	0.001
>TTTGTCAT	18-TTTGTCAT	8.236954	-47.086632	0	T:219.0(2.64%),B:251.9(1.09%),P:1e-20	Tpos:127.5,Tstd:58.7,Bpos:107.0,Bstd:73.1,StrandBias:0.0,Multiplicity:1.01
0.100	0.100	0.100	0.700
0.100	0.100	0.100	0.700
0.100	0.100	0.100	0.700
0.100	0.100	0.700	0.100
0.100	0.100	0.100	0.700
0.100	0.700	0.100	0.100
0.700	0.100	0.100	0.100
0.100	0.100	0.100	0.700
