>DCHCAGCAGGRV	1-DCHCAGCAGGRV	7.461402	-494.599068	0	T:2671.0(32.15%),B:3590.0(15.56%),P:1e-214	Tpos:120.6,Tstd:54.5,Bpos:99.1,Bstd:51.2,StrandBias:-0.1,Multiplicity:1.20
0.271	0.139	0.263	0.327
0.211	0.663	0.125	0.001
0.311	0.290	0.087	0.312
0.001	0.967	0.031	0.001
0.825	0.025	0.001	0.149
0.002	0.116	0.881	0.001
0.023	0.898	0.036	0.043
0.621	0.001	0.111	0.267
0.025	0.001	0.750	0.224
0.001	0.001	0.988	0.010
0.391	0.178	0.300	0.131
0.280	0.218	0.354	0.148
>CTTTGWWATGCA	2-CTTTGWWATGCA	7.060660	-477.866939	0	T:2287.0(27.53%),B:2847.0(12.34%),P:1e-207	Tpos:122.5,Tstd:56.4,Bpos:99.6,Bstd:68.0,StrandBias:0.1,Multiplicity:1.21
0.067	0.694	0.001	0.238
0.330	0.019	0.005	0.646
0.001	0.001	0.001	0.997
0.027	0.001	0.001	0.971
0.093	0.259	0.620	0.028
0.420	0.001	0.030	0.549
0.275	0.197	0.124	0.404
0.790	0.107	0.092	0.011
0.120	0.001	0.052	0.827
0.052	0.021	0.762	0.165
0.030	0.566	0.120	0.284
0.816	0.028	0.011	0.145
>NDBCCTTTGTTT	3-NDBCCTTTGTTT	4.564176	-442.313721	0	T:4030.0(48.51%),B:6969.4(30.20%),P:1e-192	Tpos:122.8,Tstd:65.3,Bpos:100.0,Bstd:68.8,StrandBias:0.0,Multiplicity:1.35
0.280	0.223	0.188	0.309
0.277	0.056	0.263	0.404
0.076	0.241	0.347	0.337
0.001	0.533	0.148	0.318
0.001	0.633	0.001	0.365
0.345	0.001	0.001	0.653
0.001	0.001	0.001	0.997
0.001	0.001	0.001	0.997
0.001	0.010	0.988	0.001
0.060	0.001	0.001	0.938
0.001	0.397	0.009	0.593
0.156	0.280	0.008	0.556
>GGTAATTAVCHT	4-GGTAATTAVCHT	5.173036	-282.670365	0	T:3415.0(41.11%),B:6219.6(26.95%),P:1e-122	Tpos:120.8,Tstd:64.9,Bpos:97.7,Bstd:70.8,StrandBias:0.0,Multiplicity:1.29
0.294	0.002	0.672	0.032
0.116	0.108	0.519	0.257
0.178	0.204	0.116	0.502
0.617	0.146	0.230	0.007
0.834	0.163	0.001	0.002
0.003	0.001	0.083	0.913
0.006	0.250	0.186	0.558
0.552	0.044	0.225	0.179
0.277	0.352	0.276	0.095
0.007	0.560	0.146	0.287
0.298	0.348	0.076	0.278
0.244	0.234	0.001	0.521
>GCCATTAGAACC	5-GCCATTAGAACC	0.428587	-174.076547	0	T:5673.0(68.29%),B:13111.3(56.82%),P:1e-75	Tpos:122.9,Tstd:67.9,Bpos:99.6,Bstd:62.2,StrandBias:0.1,Multiplicity:1.49
0.173	0.115	0.654	0.058
0.001	0.941	0.001	0.057
0.001	0.885	0.057	0.057
0.882	0.057	0.001	0.060
0.003	0.001	0.057	0.939
0.001	0.032	0.001	0.966
0.654	0.001	0.115	0.230
0.172	0.001	0.826	0.001
0.678	0.206	0.058	0.058
0.884	0.001	0.114	0.001
0.151	0.791	0.057	0.001
0.003	0.939	0.001	0.057
>CCCCAGGGGGTT	6-CCCCAGGGGGTT	3.709123	-116.381321	0	T:4661.0(56.11%),B:10730.4(46.50%),P:1e-50	Tpos:121.2,Tstd:66.8,Bpos:99.8,Bstd:50.9,StrandBias:-0.0,Multiplicity:1.37
0.071	0.846	0.054	0.029
0.021	0.878	0.018	0.083
0.083	0.888	0.001	0.028
0.019	0.970	0.001	0.010
0.978	0.001	0.010	0.011
0.018	0.046	0.889	0.047
0.087	0.010	0.874	0.029
0.085	0.001	0.855	0.059
0.157	0.028	0.779	0.036
0.036	0.115	0.764	0.085
0.066	0.166	0.130	0.638
0.110	0.090	0.145	0.655
>ATCTAAACAGCT	7-ATCTAAACAGCT	3.702662	-105.152861	0	T:6656.0(80.13%),B:16682.7(72.30%),P:1e-45	Tpos:122.8,Tstd:71.2,Bpos:99.0,Bstd:68.8,StrandBias:0.0,Multiplicity:1.54
0.670	0.139	0.058	0.133
0.091	0.063	0.165	0.681
0.099	0.579	0.172	0.150
0.147	0.180	0.055	0.618
0.584	0.149	0.131	0.136
0.653	0.139	0.123	0.085
0.632	0.112	0.161	0.095
0.078	0.664	0.100	0.158
0.771	0.036	0.049	0.144
0.105	0.082	0.705	0.108
0.097	0.717	0.097	0.089
0.115	0.110	0.048	0.727
>TSHKTGWSWGGG	8-TSHKTGWSWGGG	3.770664	-91.534799	0	T:6508.0(78.34%),B:16360.5(70.90%),P:1e-39	Tpos:123.5,Tstd:72.4,Bpos:99.5,Bstd:59.2,StrandBias:0.0,Multiplicity:1.46
0.163	0.193	0.206	0.438
0.025	0.443	0.403	0.129
0.373	0.238	0.016	0.374
0.049	0.015	0.534	0.402
0.014	0.001	0.063	0.922
0.016	0.181	0.597	0.206
0.454	0.024	0.067	0.454
0.001	0.437	0.538	0.024
0.375	0.001	0.112	0.512
0.001	0.001	0.975	0.023
0.137	0.024	0.658	0.181
0.024	0.001	0.886	0.089
>GCCYCCCAAARM	9-GCCYCCCAAARM	4.288912	-84.442151	0	T:6142.0(73.94%),B:15332.9(66.45%),P:1e-36	Tpos:123.5,Tstd:70.1,Bpos:98.3,Bstd:55.4,StrandBias:-0.1,Multiplicity:1.44
0.146	0.162	0.536	0.156
0.006	0.701	0.149	0.144
0.145	0.479	0.088	0.289
0.084	0.426	0.156	0.333
0.005	0.698	0.287	0.010
0.143	0.568	0.147	0.142
0.009	0.701	0.280	0.010
0.449	0.299	0.101	0.152
0.592	0.107	0.020	0.281
0.543	0.291	0.154	0.012
0.416	0.230	0.346	0.007
0.285	0.388	0.166	0.161
>GTGTACTGAATA	10-GTGTACTGAATA	4.571791	-77.932291	0	T:4894.0(58.91%),B:11798.6(51.13%),P:1e-33	Tpos:123.0,Tstd:71.0,Bpos:98.9,Bstd:68.7,StrandBias:0.0,Multiplicity:1.55
0.100	0.100	0.700	0.100
0.100	0.100	0.100	0.700
0.100	0.100	0.700	0.100
0.100	0.100	0.100	0.700
0.700	0.100	0.100	0.100
0.100	0.700	0.100	0.100
0.100	0.100	0.100	0.700
0.100	0.100	0.700	0.100
0.700	0.100	0.100	0.100
0.700	0.100	0.100	0.100
0.100	0.100	0.100	0.700
0.700	0.100	0.100	0.100
>TGTGTGTGTGTM	11-TGTGTGTGTGTM	-0.894634	-68.586741	0	T:5731.0(68.99%),B:14310.0(62.02%),P:1e-29	Tpos:123.0,Tstd:72.8,Bpos:99.9,Bstd:61.9,StrandBias:0.0,Multiplicity:1.41
0.001	0.001	0.123	0.875
0.003	0.001	0.995	0.001
0.001	0.001	0.358	0.640
0.068	0.001	0.807	0.124
0.001	0.001	0.001	0.997
0.001	0.123	0.875	0.001
0.001	0.122	0.122	0.755
0.001	0.068	0.840	0.091
0.001	0.001	0.001	0.997
0.310	0.192	0.490	0.008
0.080	0.136	0.001	0.783
0.455	0.316	0.205	0.024
>TTTTAGGACCAC	12-TTTTAGGACCAC	3.864681	-64.902595	0	T:6114.0(73.60%),B:15478.9(67.08%),P:1e-28	Tpos:121.1,Tstd:74.2,Bpos:100.5,Bstd:66.3,StrandBias:-0.0,Multiplicity:1.35
0.085	0.136	0.072	0.707
0.049	0.122	0.073	0.756
0.046	0.143	0.081	0.730
0.129	0.197	0.143	0.531
0.768	0.044	0.134	0.054
0.144	0.054	0.711	0.091
0.105	0.168	0.656	0.071
0.670	0.108	0.098	0.124
0.133	0.611	0.156	0.100
0.136	0.674	0.089	0.101
0.604	0.134	0.081	0.181
0.147	0.585	0.140	0.128
>CCCCCCCCCCCC	13-CCCCCCCCCCCC	9.535351	-52.494769	0	T:606.0(7.30%),B:1011.6(4.38%),P:1e-22	Tpos:113.6,Tstd:68.9,Bpos:99.0,Bstd:56.6,StrandBias:-0.3,Multiplicity:1.13
0.059	0.884	0.031	0.026
0.073	0.824	0.028	0.075
0.060	0.823	0.032	0.085
0.086	0.835	0.007	0.072
0.084	0.824	0.014	0.078
0.131	0.805	0.047	0.017
0.107	0.768	0.039	0.086
0.083	0.851	0.003	0.063
0.105	0.816	0.048	0.031
0.067	0.873	0.032	0.028
0.069	0.829	0.085	0.017
0.046	0.868	0.066	0.020
>TTCCTGTCTAGC	14-TTCCTGTCTAGC	-2.556552	-45.844360	0	T:5960.0(71.75%),B:15287.4(66.25%),P:1e-19	Tpos:123.8,Tstd:71.7,Bpos:100.1,Bstd:57.5,StrandBias:-0.1,Multiplicity:1.36
0.001	0.001	0.001	0.997
0.001	0.001	0.156	0.842
0.001	0.997	0.001	0.001
0.157	0.750	0.001	0.092
0.156	0.001	0.001	0.842
0.001	0.314	0.684	0.001
0.001	0.172	0.015	0.812
0.001	0.997	0.001	0.001
0.157	0.090	0.001	0.752
0.595	0.247	0.157	0.001
0.001	0.001	0.842	0.156
0.001	0.997	0.001	0.001
>TATTCTYYCTGA	15-TATTCTYYCTGA	12.685679	-34.269267	0	T:41.0(0.49%),B:10.3(0.04%),P:1e-14	Tpos:114.3,Tstd:52.0,Bpos:92.3,Bstd:61.5,StrandBias:0.4,Multiplicity:1.00
0.001	0.001	0.001	0.997
0.997	0.001	0.001	0.001
0.001	0.001	0.001	0.997
0.001	0.001	0.001	0.997
0.001	0.997	0.001	0.001
0.172	0.001	0.001	0.826
0.173	0.481	0.001	0.346
0.001	0.566	0.001	0.432
0.001	0.820	0.178	0.001
0.001	0.001	0.001	0.997
0.221	0.001	0.777	0.001
0.826	0.172	0.001	0.001
>ACATTCCTGGCA	16-ACATTCCTGGCA	12.266721	-32.178472	0	T:52.0(0.63%),B:23.2(0.10%),P:1e-13	Tpos:124.5,Tstd:55.5,Bpos:99.7,Bstd:36.5,StrandBias:-0.1,Multiplicity:1.00
0.849	0.087	0.021	0.043
0.010	0.988	0.001	0.001
0.997	0.001	0.001	0.001
0.042	0.001	0.001	0.956
0.001	0.042	0.001	0.956
0.001	0.997	0.001	0.001
0.001	0.997	0.001	0.001
0.051	0.001	0.001	0.947
0.043	0.043	0.913	0.001
0.043	0.001	0.900	0.056
0.086	0.888	0.025	0.001
0.857	0.056	0.001	0.086
>TTTCAGAGATCT	17-TTTCAGAGATCT	2.625881	-28.432486	0	T:8149.0(98.10%),B:22289.7(96.60%),P:1e-12	Tpos:123.8,Tstd:73.5,Bpos:99.5,Bstd:68.3,StrandBias:0.0,Multiplicity:2.19
0.100	0.100	0.100	0.700
0.100	0.100	0.100	0.700
0.100	0.100	0.100	0.700
0.100	0.700	0.100	0.100
0.700	0.100	0.100	0.100
0.100	0.100	0.700	0.100
0.700	0.100	0.100	0.100
0.100	0.100	0.700	0.100
0.700	0.100	0.100	0.100
0.100	0.100	0.100	0.700
0.100	0.700	0.100	0.100
0.100	0.100	0.100	0.700
>TTGAATCAACAC	18-TTGAATCAACAC	11.852630	-26.701225	0	T:41.0(0.49%),B:17.9(0.08%),P:1e-11	Tpos:115.2,Tstd:46.5,Bpos:84.0,Bstd:21.6,StrandBias:0.2,Multiplicity:1.00
0.010	0.001	0.001	0.988
0.001	0.001	0.147	0.851
0.001	0.001	0.851	0.147
0.851	0.147	0.001	0.001
0.769	0.001	0.229	0.001
0.001	0.147	0.001	0.851
0.305	0.693	0.001	0.001
0.851	0.147	0.001	0.001
0.559	0.147	0.147	0.147
0.001	0.997	0.001	0.001
0.988	0.001	0.001	0.010
0.001	0.851	0.147	0.001
>GTAGGAGCCTAA	19-GTAGGAGCCTAA	10.409522	-24.633493	0	T:38.0(0.46%),B:16.0(0.07%),P:1e-10	Tpos:111.0,Tstd:61.1,Bpos:107.6,Bstd:69.7,StrandBias:-0.1,Multiplicity:1.07
0.100	0.100	0.700	0.100
0.100	0.100	0.100	0.700
0.700	0.100	0.100	0.100
0.100	0.100	0.700	0.100
0.100	0.100	0.700	0.100
0.700	0.100	0.100	0.100
0.100	0.100	0.700	0.100
0.100	0.700	0.100	0.100
0.100	0.700	0.100	0.100
0.100	0.100	0.100	0.700
0.700	0.100	0.100	0.100
0.700	0.100	0.100	0.100
>ASGGTCACGTGA	20-ASGGTCACGTGA	10.644615	-19.688750	0	T:48.0(0.58%),B:36.9(0.16%),P:1e-8	Tpos:121.4,Tstd:57.6,Bpos:95.3,Bstd:31.8,StrandBias:0.4,Multiplicity:1.18
0.457	0.201	0.226	0.115
0.159	0.427	0.323	0.091
0.114	0.213	0.514	0.159
0.045	0.091	0.863	0.001
0.091	0.156	0.091	0.662
0.022	0.880	0.097	0.001
0.953	0.045	0.001	0.001
0.023	0.863	0.068	0.046
0.001	0.113	0.818	0.068
0.023	0.023	0.023	0.931
0.001	0.097	0.857	0.045
0.793	0.024	0.159	0.024
>GCACCCCTATCT	21-GCACCCCTATCT	10.409522	-16.253711	0	T:25.0(0.30%),B:11.9(0.05%),P:1e-7	Tpos:119.9,Tstd:62.4,Bpos:155.7,Bstd:31.9,StrandBias:-0.5,Multiplicity:1.00
0.100	0.100	0.700	0.100
0.100	0.700	0.100	0.100
0.700	0.100	0.100	0.100
0.100	0.700	0.100	0.100
0.100	0.700	0.100	0.100
0.100	0.700	0.100	0.100
0.100	0.700	0.100	0.100
0.100	0.100	0.100	0.700
0.700	0.100	0.100	0.100
0.100	0.100	0.100	0.700
0.100	0.700	0.100	0.100
0.100	0.100	0.100	0.700
>GCGAGCGTCCAG	22-GCGAGCGTCCAG	10.409522	-13.932597	0	T:16.0(0.19%),B:4.3(0.02%),P:1e-6	Tpos:113.8,Tstd:59.9,Bpos:85.5,Bstd:43.6,StrandBias:-0.2,Multiplicity:1.00
0.100	0.100	0.700	0.100
0.100	0.700	0.100	0.100
0.100	0.100	0.700	0.100
0.700	0.100	0.100	0.100
0.100	0.100	0.700	0.100
0.100	0.700	0.100	0.100
0.100	0.100	0.700	0.100
0.100	0.100	0.100	0.700
0.100	0.700	0.100	0.100
0.100	0.700	0.100	0.100
0.700	0.100	0.100	0.100
0.100	0.100	0.700	0.100
>WGCCCTGGCGAC	23-WGCCCTGGCGAC	9.418604	-11.100507	0	T:169.0(2.03%),B:312.6(1.35%),P:1e-4	Tpos:120.0,Tstd:69.3,Bpos:100.7,Bstd:51.4,StrandBias:-0.1,Multiplicity:1.00
0.371	0.001	0.161	0.468
0.001	0.001	0.997	0.001
0.001	0.997	0.001	0.001
0.001	0.875	0.123	0.001
0.022	0.976	0.001	0.001
0.016	0.016	0.001	0.967
0.001	0.001	0.997	0.001
0.001	0.123	0.875	0.001
0.001	0.875	0.001	0.123
0.133	0.247	0.496	0.124
0.700	0.001	0.176	0.123
0.001	0.875	0.001	0.123
>AGAGTAGAGGAA	24-AGAGTAGAGGAA	10.266312	-6.594882	0	T:67.0(0.81%),B:115.9(0.50%),P:1e-2	Tpos:143.1,Tstd:72.7,Bpos:98.2,Bstd:59.0,StrandBias:-0.2,Multiplicity:1.00
0.997	0.001	0.001	0.001
0.001	0.001	0.997	0.001
0.997	0.001	0.001	0.001
0.001	0.001	0.997	0.001
0.175	0.247	0.001	0.577
0.657	0.001	0.341	0.001
0.123	0.001	0.875	0.001
0.997	0.001	0.001	0.001
0.001	0.001	0.621	0.377
0.001	0.001	0.997	0.001
0.726	0.001	0.272	0.001
0.997	0.001	0.001	0.001
