>DCWCAGCRGG	1-DCWCAGCRGG	6.168448	-620.496541	0	T:3540.0(42.61%),B:5086.3(22.04%),P:1e-269	Tpos:121.3,Tstd:56.8,Bpos:99.6,Bstd:53.8,StrandBias:-0.0,Multiplicity:1.27
0.361	0.047	0.238	0.353
0.188	0.732	0.079	0.001
0.361	0.206	0.061	0.372
0.001	0.992	0.001	0.006
0.716	0.233	0.024	0.027
0.308	0.016	0.593	0.083
0.001	0.746	0.025	0.228
0.426	0.015	0.332	0.227
0.067	0.001	0.752	0.180
0.001	0.043	0.921	0.035
>CTTTGWTATG	2-CTTTGWTATG	6.344178	-544.566487	0	T:3261.0(39.26%),B:4714.3(20.43%),P:1e-236	Tpos:123.9,Tstd:60.6,Bpos:100.0,Bstd:70.2,StrandBias:0.1,Multiplicity:1.34
0.068	0.648	0.013	0.271
0.403	0.040	0.001	0.556
0.001	0.001	0.001	0.997
0.003	0.001	0.001	0.995
0.046	0.182	0.745	0.027
0.479	0.001	0.001	0.519
0.223	0.108	0.153	0.516
0.487	0.282	0.193	0.038
0.167	0.001	0.115	0.717
0.063	0.248	0.516	0.173
>GTTAATGGSY	3-GTTAATGGSY	5.819528	-535.846623	0	T:2744.0(33.03%),B:3611.1(15.65%),P:1e-232	Tpos:120.6,Tstd:59.7,Bpos:100.9,Bstd:71.4,StrandBias:0.0,Multiplicity:1.23
0.158	0.178	0.454	0.210
0.121	0.203	0.039	0.637
0.073	0.066	0.117	0.744
0.878	0.001	0.120	0.001
0.997	0.001	0.001	0.001
0.147	0.001	0.064	0.788
0.118	0.003	0.578	0.301
0.209	0.009	0.732	0.050
0.060	0.411	0.378	0.150
0.050	0.400	0.104	0.446
>GBTAATCWCY	4-GBTAATCWCY	6.113900	-249.422188	0	T:1610.0(19.38%),B:2237.6(9.70%),P:1e-108	Tpos:124.1,Tstd:65.6,Bpos:100.1,Bstd:69.1,StrandBias:-0.1,Multiplicity:1.11
0.016	0.209	0.700	0.075
0.110	0.336	0.232	0.322
0.047	0.085	0.024	0.844
0.873	0.001	0.070	0.056
0.914	0.031	0.054	0.001
0.001	0.014	0.070	0.915
0.001	0.877	0.022	0.100
0.499	0.099	0.001	0.402
0.060	0.780	0.124	0.036
0.083	0.402	0.008	0.507
>CCATTGTYTV	5-CCATTGTYTV	7.449793	-241.153023	0	T:1821.0(21.92%),B:2714.3(11.76%),P:1e-104	Tpos:121.7,Tstd:61.9,Bpos:103.2,Bstd:68.4,StrandBias:0.1,Multiplicity:1.13
0.001	0.716	0.001	0.282
0.143	0.594	0.001	0.262
0.711	0.001	0.001	0.287
0.001	0.001	0.001	0.997
0.001	0.001	0.001	0.997
0.050	0.192	0.757	0.001
0.001	0.001	0.001	0.997
0.090	0.435	0.001	0.473
0.052	0.244	0.001	0.703
0.271	0.312	0.275	0.142
>CTGATTGYTB	6-CTGATTGYTB	6.200152	-222.379254	0	T:1836.0(22.10%),B:2828.3(12.26%),P:1e-96	Tpos:121.9,Tstd:62.5,Bpos:99.9,Bstd:62.7,StrandBias:0.0,Multiplicity:1.09
0.127	0.521	0.045	0.307
0.025	0.001	0.001	0.973
0.001	0.001	0.997	0.001
0.997	0.001	0.001	0.001
0.001	0.065	0.277	0.657
0.159	0.134	0.174	0.533
0.001	0.001	0.980	0.018
0.001	0.533	0.001	0.465
0.001	0.407	0.001	0.591
0.117	0.343	0.235	0.306
>CWCCCCAGGR	7-CWCCCCAGGR	6.813013	-161.300564	0	T:2051.0(24.69%),B:3627.0(15.72%),P:1e-70	Tpos:121.4,Tstd:66.6,Bpos:99.2,Bstd:52.6,StrandBias:-0.1,Multiplicity:1.15
0.147	0.764	0.072	0.017
0.405	0.167	0.040	0.388
0.071	0.799	0.020	0.110
0.176	0.553	0.054	0.217
0.001	0.975	0.023	0.001
0.107	0.669	0.001	0.223
0.568	0.024	0.257	0.151
0.016	0.001	0.963	0.020
0.001	0.001	0.997	0.001
0.443	0.059	0.399	0.099
>RAGTACTTGA	8-RAGTACTTGA	4.713790	-153.884692	0	T:2515.0(30.28%),B:4782.5(20.73%),P:1e-66	Tpos:121.5,Tstd:69.1,Bpos:101.7,Bstd:72.2,StrandBias:0.0,Multiplicity:1.17
0.512	0.089	0.398	0.001
0.635	0.001	0.257	0.107
0.058	0.022	0.869	0.051
0.001	0.111	0.001	0.887
0.974	0.001	0.024	0.001
0.091	0.846	0.062	0.001
0.001	0.067	0.001	0.931
0.001	0.001	0.010	0.988
0.300	0.042	0.543	0.115
0.507	0.188	0.304	0.001
>GTCTTTGACG	9-GTCTTTGACG	4.641470	-152.367805	0	T:2503.0(30.13%),B:4763.5(20.64%),P:1e-66	Tpos:121.1,Tstd:68.7,Bpos:100.0,Bstd:65.2,StrandBias:0.0,Multiplicity:1.15
0.120	0.145	0.613	0.122
0.119	0.148	0.141	0.592
0.128	0.625	0.126	0.121
0.148	0.128	0.103	0.621
0.107	0.143	0.123	0.627
0.126	0.102	0.125	0.647
0.133	0.133	0.605	0.129
0.616	0.121	0.134	0.129
0.175	0.512	0.163	0.150
0.148	0.160	0.544	0.148
>TTTGCATAAC	10-TTTGCATAAC	7.274459	-152.349575	0	T:813.0(9.79%),B:1006.8(4.36%),P:1e-66	Tpos:123.2,Tstd:60.5,Bpos:99.4,Bstd:69.6,StrandBias:-0.2,Multiplicity:1.03
0.001	0.008	0.008	0.983
0.001	0.106	0.004	0.889
0.125	0.001	0.008	0.866
0.045	0.056	0.898	0.001
0.010	0.941	0.001	0.048
0.983	0.008	0.008	0.001
0.016	0.036	0.049	0.899
0.858	0.075	0.018	0.049
0.933	0.001	0.001	0.065
0.097	0.869	0.001	0.033
>TAATGAGGCC	11-TAATGAGGCC	6.577052	-109.395039	0	T:1089.0(13.11%),B:1749.0(7.58%),P:1e-47	Tpos:123.6,Tstd:67.2,Bpos:98.2,Bstd:63.2,StrandBias:0.0,Multiplicity:1.04
0.065	0.055	0.079	0.801
0.867	0.047	0.076	0.010
0.795	0.048	0.057	0.100
0.060	0.045	0.058	0.837
0.055	0.138	0.695	0.112
0.820	0.052	0.055	0.073
0.063	0.005	0.855	0.077
0.072	0.086	0.810	0.032
0.060	0.746	0.083	0.111
0.068	0.780	0.074	0.078
>TTAAGTGGCT	12-TTAAGTGGCT	6.679665	-99.309158	0	T:1001.0(12.05%),B:1610.2(6.98%),P:1e-43	Tpos:121.8,Tstd:69.7,Bpos:100.6,Bstd:67.0,StrandBias:0.0,Multiplicity:1.06
0.067	0.064	0.093	0.776
0.088	0.047	0.012	0.853
0.721	0.092	0.139	0.048
0.822	0.064	0.093	0.021
0.071	0.056	0.862	0.011
0.049	0.063	0.025	0.863
0.017	0.009	0.892	0.082
0.094	0.010	0.814	0.082
0.083	0.719	0.123	0.075
0.064	0.176	0.072	0.688
>ATTGCAAATG	13-ATTGCAAATG	8.228731	-76.536173	0	T:413.0(4.97%),B:510.8(2.21%),P:1e-33	Tpos:126.6,Tstd:64.1,Bpos:96.6,Bstd:67.7,StrandBias:0.0,Multiplicity:1.04
0.877	0.051	0.001	0.071
0.113	0.001	0.001	0.885
0.071	0.001	0.059	0.869
0.001	0.001	0.997	0.001
0.001	0.767	0.024	0.208
0.964	0.001	0.034	0.001
0.901	0.013	0.013	0.073
0.890	0.013	0.055	0.042
0.001	0.001	0.001	0.997
0.015	0.027	0.869	0.089
>CCCCCCCCCM	14-CCCCCCCCCM	6.972724	-64.399393	0	T:1415.0(17.03%),B:2793.4(12.11%),P:1e-27	Tpos:119.3,Tstd:69.2,Bpos:98.8,Bstd:53.2,StrandBias:-0.1,Multiplicity:1.20
0.104	0.623	0.098	0.175
0.112	0.514	0.113	0.261
0.005	0.830	0.001	0.164
0.075	0.695	0.037	0.193
0.028	0.907	0.001	0.064
0.186	0.812	0.001	0.001
0.166	0.708	0.062	0.064
0.278	0.720	0.001	0.001
0.231	0.673	0.001	0.095
0.287	0.422	0.198	0.093
>ATTAGCACTT	15-ATTAGCACTT	8.891846	-58.928753	0	T:216.0(2.60%),B:213.9(0.93%),P:1e-25	Tpos:120.9,Tstd:61.6,Bpos:107.7,Bstd:73.0,StrandBias:0.3,Multiplicity:1.02
0.931	0.043	0.025	0.001
0.001	0.001	0.062	0.936
0.001	0.024	0.001	0.974
0.876	0.043	0.029	0.052
0.001	0.001	0.956	0.042
0.001	0.974	0.001	0.024
0.959	0.001	0.001	0.039
0.001	0.843	0.091	0.065
0.124	0.165	0.001	0.710
0.024	0.001	0.001	0.974
>TGTGTGGGTG	16-TGTGTGGGTG	5.897996	-52.653384	0	T:1652.0(19.89%),B:3483.0(15.09%),P:1e-22	Tpos:123.6,Tstd:71.4,Bpos:97.7,Bstd:60.9,StrandBias:0.1,Multiplicity:1.10
0.014	0.003	0.052	0.931
0.001	0.131	0.867	0.001
0.155	0.016	0.001	0.828
0.001	0.004	0.986	0.009
0.143	0.001	0.001	0.855
0.001	0.110	0.740	0.149
0.217	0.058	0.667	0.058
0.001	0.001	0.997	0.001
0.274	0.169	0.117	0.440
0.021	0.187	0.702	0.090
>CGGDCGATCG	17-CGGDCGATCG	1.314732	-52.549676	0	T:1324.0(15.94%),B:2678.7(11.61%),P:1e-22	Tpos:123.9,Tstd:66.3,Bpos:98.8,Bstd:55.2,StrandBias:0.1,Multiplicity:1.25
0.001	0.941	0.057	0.001
0.001	0.001	0.997	0.001
0.355	0.001	0.643	0.001
0.358	0.001	0.332	0.309
0.001	0.941	0.001	0.057
0.355	0.001	0.643	0.001
0.965	0.033	0.001	0.001
0.001	0.001	0.033	0.965
0.001	0.997	0.001	0.001
0.001	0.057	0.941	0.001
>ACTTCCGGCG	18-ACTTCCGGCG	9.290787	-40.216915	0	T:153.0(1.84%),B:156.4(0.68%),P:1e-17	Tpos:119.5,Tstd:60.0,Bpos:94.0,Bstd:48.2,StrandBias:-0.2,Multiplicity:1.06
0.651	0.001	0.161	0.187
0.001	0.997	0.001	0.001
0.034	0.218	0.138	0.610
0.001	0.001	0.001	0.997
0.001	0.879	0.119	0.001
0.073	0.925	0.001	0.001
0.003	0.004	0.750	0.243
0.001	0.056	0.925	0.018
0.302	0.576	0.121	0.001
0.161	0.142	0.696	0.001
>CTTTAAAAGR	19-CTTTAAAAGR	8.528090	-32.971193	0	T:147.0(1.77%),B:166.3(0.72%),P:1e-14	Tpos:136.1,Tstd:75.4,Bpos:99.3,Bstd:73.7,StrandBias:-0.0,Multiplicity:1.00
0.218	0.489	0.251	0.042
0.071	0.048	0.016	0.865
0.116	0.025	0.202	0.657
0.001	0.336	0.078	0.585
0.535	0.066	0.139	0.260
0.907	0.001	0.084	0.008
0.737	0.008	0.051	0.204
0.681	0.038	0.245	0.036
0.061	0.034	0.880	0.025
0.450	0.206	0.307	0.038
>AGATCGCTTC	20-AGATCGCTTC	9.782701	-27.158348	0	T:63.0(0.76%),B:44.6(0.19%),P:1e-11	Tpos:122.3,Tstd:63.4,Bpos:106.0,Bstd:49.4,StrandBias:0.0,Multiplicity:1.02
0.955	0.043	0.001	0.001
0.024	0.001	0.974	0.001
0.974	0.024	0.001	0.001
0.001	0.001	0.129	0.869
0.062	0.756	0.082	0.100
0.001	0.001	0.852	0.146
0.001	0.997	0.001	0.001
0.001	0.001	0.001	0.997
0.044	0.168	0.041	0.747
0.001	0.997	0.001	0.001
>GTTTACTCAT	21-GTTTACTCAT	9.692987	-23.873241	0	T:39.0(0.47%),B:18.3(0.08%),P:1e-10	Tpos:143.1,Tstd:79.0,Bpos:82.5,Bstd:67.1,StrandBias:0.9,Multiplicity:1.00
0.001	0.001	0.997	0.001
0.001	0.001	0.001	0.997
0.054	0.001	0.054	0.891
0.001	0.001	0.108	0.890
0.997	0.001	0.001	0.001
0.001	0.997	0.001	0.001
0.001	0.001	0.001	0.997
0.001	0.834	0.164	0.001
0.997	0.001	0.001	0.001
0.001	0.001	0.001	0.997
>TCACGTGACS	22-TCACGTGACS	8.229154	-21.203457	0	T:109.0(1.31%),B:135.0(0.59%),P:1e-9	Tpos:127.5,Tstd:60.3,Bpos:98.3,Bstd:40.1,StrandBias:0.1,Multiplicity:1.24
0.001	0.010	0.001	0.988
0.001	0.997	0.001	0.001
0.997	0.001	0.001	0.001
0.001	0.929	0.069	0.001
0.001	0.001	0.997	0.001
0.001	0.017	0.001	0.981
0.001	0.001	0.997	0.001
0.902	0.037	0.030	0.031
0.037	0.860	0.094	0.009
0.095	0.387	0.495	0.023
>AGAAGTTAAG	23-AGAAGTTAAG	11.554947	-20.606479	0	T:38.0(0.46%),B:21.9(0.09%),P:1e-8	Tpos:122.7,Tstd:70.2,Bpos:105.6,Bstd:62.0,StrandBias:0.0,Multiplicity:1.00
0.849	0.001	0.149	0.001
0.001	0.001	0.997	0.001
0.997	0.001	0.001	0.001
0.997	0.001	0.001	0.001
0.001	0.001	0.997	0.001
0.001	0.001	0.120	0.878
0.001	0.001	0.001	0.997
0.997	0.001	0.001	0.001
0.997	0.001	0.001	0.001
0.001	0.001	0.997	0.001
>CCTTACAAAT	24-CCTTACAAAT	11.600976	-16.002639	0	T:22.0(0.26%),B:8.6(0.04%),P:1e-6	Tpos:122.7,Tstd:62.5,Bpos:78.2,Bstd:47.1,StrandBias:-0.3,Multiplicity:1.00
0.001	0.997	0.001	0.001
0.001	0.997	0.001	0.001
0.001	0.001	0.001	0.997
0.001	0.001	0.001	0.997
0.997	0.001	0.001	0.001
0.001	0.997	0.001	0.001
0.891	0.107	0.001	0.001
0.997	0.001	0.001	0.001
0.997	0.001	0.001	0.001
0.001	0.001	0.001	0.997
>CGCGCGCGTG	25-CGCGCGCGTG	10.813421	-12.765224	0	T:61.0(0.73%),B:75.5(0.33%),P:1e-5	Tpos:119.5,Tstd:68.9,Bpos:93.0,Bstd:56.3,StrandBias:0.2,Multiplicity:1.05
0.001	0.784	0.214	0.001
0.001	0.372	0.626	0.001
0.001	0.619	0.379	0.001
0.001	0.001	0.997	0.001
0.001	0.997	0.001	0.001
0.001	0.004	0.994	0.001
0.001	0.997	0.001	0.001
0.303	0.001	0.695	0.001
0.001	0.370	0.001	0.628
0.001	0.001	0.997	0.001
