>CAATTRNC	1-CAATTRNC	4.831877	-482.345057	0	T:4829.0(58.13%),B:8873.2(38.45%),P:1e-209	Tpos:121.5,Tstd:61.5,Bpos:99.2,Bstd:70.2,StrandBias:0.0,Multiplicity:1.55
0.024	0.625	0.001	0.350
0.449	0.274	0.189	0.089
0.997	0.001	0.001	0.001
0.001	0.001	0.001	0.997
0.069	0.367	0.001	0.563
0.419	0.001	0.447	0.133
0.302	0.188	0.241	0.269
0.057	0.453	0.231	0.259
>CCTTTGAT	2-CCTTTGAT	6.148133	-403.786774	0	T:3101.0(37.33%),B:4886.6(21.18%),P:1e-175	Tpos:122.6,Tstd:62.1,Bpos:99.8,Bstd:69.2,StrandBias:-0.0,Multiplicity:1.30
0.054	0.602	0.163	0.181
0.064	0.706	0.071	0.159
0.044	0.046	0.015	0.895
0.009	0.044	0.073	0.874
0.014	0.009	0.001	0.976
0.063	0.080	0.788	0.069
0.539	0.001	0.084	0.376
0.230	0.094	0.056	0.620
>ACAGCAGG	3-ACAGCAGG	7.106980	-314.121072	0	T:1681.0(20.24%),B:2152.6(9.33%),P:1e-136	Tpos:120.7,Tstd:56.4,Bpos:99.5,Bstd:54.1,StrandBias:-0.0,Multiplicity:1.11
0.760	0.001	0.001	0.238
0.001	0.997	0.001	0.001
0.997	0.001	0.001	0.001
0.041	0.001	0.957	0.001
0.001	0.997	0.001	0.001
0.768	0.001	0.083	0.148
0.001	0.001	0.997	0.001
0.001	0.001	0.997	0.001
>AACAATGV	4-AACAATGV	2.410409	-307.007567	0	T:2325.0(27.99%),B:3534.9(15.32%),P:1e-133	Tpos:121.9,Tstd:61.1,Bpos:102.6,Bstd:72.1,StrandBias:-0.0,Multiplicity:1.14
0.684	0.001	0.314	0.001
0.997	0.001	0.001	0.001
0.001	0.997	0.001	0.001
0.997	0.001	0.001	0.001
0.997	0.001	0.001	0.001
0.001	0.001	0.001	0.997
0.401	0.001	0.597	0.001
0.289	0.380	0.330	0.001
>BTAARTRG	5-BTAARTRG	4.524287	-281.074924	0	T:5364.0(64.57%),B:11455.4(49.64%),P:1e-122	Tpos:121.7,Tstd:67.5,Bpos:98.9,Bstd:66.7,StrandBias:0.0,Multiplicity:1.54
0.001	0.362	0.290	0.347
0.001	0.154	0.001	0.844
0.595	0.001	0.345	0.059
0.997	0.001	0.001	0.001
0.513	0.001	0.485	0.001
0.001	0.155	0.001	0.843
0.485	0.001	0.513	0.001
0.001	0.356	0.608	0.035
>ATTTGCAT	6-ATTTGCAT	5.219776	-273.523789	0	T:3146.0(37.87%),B:5607.0(24.30%),P:1e-118	Tpos:122.0,Tstd:63.6,Bpos:99.4,Bstd:71.2,StrandBias:0.0,Multiplicity:1.35
0.812	0.035	0.110	0.043
0.001	0.001	0.001	0.997
0.016	0.123	0.001	0.860
0.067	0.011	0.001	0.921
0.155	0.001	0.843	0.001
0.075	0.923	0.001	0.001
0.997	0.001	0.001	0.001
0.037	0.016	0.027	0.920
>CTAATCGC	7-CTAATCGC	5.838987	-244.700348	0	T:1365.0(16.43%),B:1760.4(7.63%),P:1e-106	Tpos:122.4,Tstd:61.8,Bpos:98.4,Bstd:66.0,StrandBias:-0.0,Multiplicity:1.05
0.067	0.760	0.060	0.113
0.033	0.001	0.039	0.927
0.597	0.025	0.314	0.064
0.733	0.033	0.144	0.090
0.022	0.089	0.015	0.874
0.101	0.672	0.155	0.072
0.186	0.040	0.618	0.156
0.034	0.831	0.102	0.033
>WTGAAWGG	8-WTGAAWGG	2.419159	-211.333700	0	T:4258.0(51.26%),B:8847.9(38.34%),P:1e-91	Tpos:122.3,Tstd:69.7,Bpos:100.2,Bstd:67.9,StrandBias:-0.1,Multiplicity:1.24
0.574	0.001	0.001	0.424
0.001	0.001	0.001	0.997
0.001	0.001	0.997	0.001
0.997	0.001	0.001	0.001
0.997	0.001	0.001	0.001
0.424	0.001	0.001	0.574
0.285	0.001	0.713	0.001
0.001	0.001	0.997	0.001
>CCTGTGGA	9-CCTGTGGA	7.013458	-135.943679	0	T:1630.0(19.62%),B:2805.6(12.16%),P:1e-59	Tpos:123.4,Tstd:65.9,Bpos:100.2,Bstd:53.8,StrandBias:0.1,Multiplicity:1.11
0.069	0.678	0.001	0.252
0.001	0.951	0.001	0.047
0.001	0.214	0.130	0.655
0.001	0.145	0.853	0.001
0.001	0.001	0.308	0.690
0.051	0.093	0.855	0.001
0.079	0.068	0.852	0.001
0.500	0.001	0.252	0.247
>TAASTGAT	10-TAASTGAT	2.783255	-133.317329	0	T:3918.0(47.17%),B:8543.6(37.03%),P:1e-57	Tpos:122.8,Tstd:70.9,Bpos:100.1,Bstd:70.6,StrandBias:-0.1,Multiplicity:1.25
0.001	0.001	0.001	0.997
0.936	0.001	0.062	0.001
0.997	0.001	0.001	0.001
0.103	0.494	0.402	0.001
0.001	0.119	0.072	0.808
0.287	0.001	0.711	0.001
0.744	0.254	0.001	0.001
0.001	0.001	0.232	0.766
>CTGCTGGG	11-CTGCTGGG	5.761202	-127.591066	0	T:1690.0(20.34%),B:2992.1(12.97%),P:1e-55	Tpos:124.1,Tstd:61.0,Bpos:100.8,Bstd:54.3,StrandBias:0.0,Multiplicity:1.12
0.140	0.858	0.001	0.001
0.073	0.217	0.001	0.709
0.001	0.001	0.997	0.001
0.162	0.836	0.001	0.001
0.001	0.001	0.001	0.997
0.001	0.001	0.997	0.001
0.001	0.001	0.997	0.001
0.001	0.001	0.997	0.001
>TCATCAAG	12-TCATCAAG	5.338109	-126.195483	0	T:875.0(10.53%),B:1223.0(5.30%),P:1e-54	Tpos:119.0,Tstd:66.0,Bpos:101.4,Bstd:75.5,StrandBias:-0.1,Multiplicity:1.06
0.085	0.201	0.001	0.713
0.001	0.997	0.001	0.001
0.997	0.001	0.001	0.001
0.001	0.001	0.001	0.997
0.001	0.949	0.001	0.049
0.997	0.001	0.001	0.001
0.997	0.001	0.001	0.001
0.224	0.001	0.774	0.001
>TCTATTCT	13-TCTATTCT	2.162091	-111.727883	0	T:2703.0(32.54%),B:5567.9(24.13%),P:1e-48	Tpos:122.4,Tstd:71.9,Bpos:99.3,Bstd:71.5,StrandBias:-0.0,Multiplicity:1.19
0.001	0.001	0.001	0.997
0.001	0.997	0.001	0.001
0.001	0.001	0.001	0.997
0.997	0.001	0.001	0.001
0.001	0.001	0.001	0.997
0.001	0.001	0.001	0.997
0.001	0.863	0.135	0.001
0.001	0.001	0.001	0.997
>GTCACGTG	14-GTCACGTG	-1.057633	-59.277165	0	T:5115.0(61.57%),B:12663.7(54.88%),P:1e-25	Tpos:123.9,Tstd:70.6,Bpos:100.1,Bstd:58.4,StrandBias:-0.0,Multiplicity:1.55
0.001	0.001	0.878	0.120
0.001	0.001	0.135	0.863
0.056	0.942	0.001	0.001
0.997	0.001	0.001	0.001
0.001	0.997	0.001	0.001
0.001	0.001	0.997	0.001
0.001	0.001	0.076	0.922
0.001	0.001	0.997	0.001
>GGGGGGGG	15-GGGGGGGG	3.753688	-55.901113	0	T:1673.0(20.14%),B:3502.3(15.18%),P:1e-24	Tpos:118.8,Tstd:71.5,Bpos:99.2,Bstd:56.2,StrandBias:0.2,Multiplicity:1.28
0.001	0.001	0.907	0.091
0.001	0.001	0.853	0.145
0.001	0.001	0.775	0.223
0.001	0.001	0.997	0.001
0.001	0.001	0.997	0.001
0.001	0.001	0.997	0.001
0.001	0.001	0.997	0.001
0.001	0.001	0.997	0.001
>CGCCGGAA	16-CGCCGGAA	6.898140	-55.722160	0	T:544.0(6.55%),B:860.2(3.73%),P:1e-24	Tpos:126.5,Tstd:64.9,Bpos:97.6,Bstd:51.7,StrandBias:-0.0,Multiplicity:1.17
0.050	0.604	0.302	0.044
0.061	0.001	0.872	0.066
0.039	0.898	0.062	0.001
0.001	0.904	0.022	0.073
0.021	0.001	0.977	0.001
0.011	0.001	0.979	0.009
0.955	0.001	0.001	0.043
0.891	0.032	0.076	0.001
>TCAGTGGG	17-TCAGTGGG	9.211423	-50.419013	0	T:466.0(5.61%),B:723.1(3.13%),P:1e-21	Tpos:122.8,Tstd:62.9,Bpos:101.4,Bstd:54.0,StrandBias:-0.1,Multiplicity:1.01
0.215	0.156	0.001	0.628
0.001	0.997	0.001	0.001
0.997	0.001	0.001	0.001
0.001	0.001	0.997	0.001
0.001	0.001	0.001	0.997
0.001	0.001	0.997	0.001
0.001	0.001	0.997	0.001
0.001	0.001	0.997	0.001
>TTTGTCAT	18-TTTGTCAT	8.236954	-47.086632	0	T:219.0(2.64%),B:251.9(1.09%),P:1e-20	Tpos:127.5,Tstd:58.7,Bpos:107.0,Bstd:73.1,StrandBias:0.0,Multiplicity:1.01
0.100	0.100	0.100	0.700
0.100	0.100	0.100	0.700
0.100	0.100	0.100	0.700
0.100	0.100	0.700	0.100
0.100	0.100	0.100	0.700
0.100	0.700	0.100	0.100
0.700	0.100	0.100	0.100
0.100	0.100	0.100	0.700
