>CCATTGTATGCAAAT	Oct4:Sox17(POU,Homeobox,HMG)/F9-Sox17-ChIP-Seq(GSE44553)/Homer	8.788687	-14.526702	0	T:130.0(2.30%),B:63.0(1.11%),P:1e-6
0.078	0.496	0.208	0.218
0.088	0.656	0.049	0.207
0.710	0.016	0.001	0.273
0.002	0.001	0.001	0.996
0.001	0.001	0.001	0.997
0.013	0.042	0.944	0.001
0.048	0.006	0.001	0.945
0.679	0.062	0.162	0.097
0.003	0.003	0.001	0.993
0.003	0.010	0.783	0.204
0.040	0.769	0.058	0.133
0.726	0.013	0.001	0.260
0.514	0.065	0.230	0.191
0.693	0.100	0.110	0.097
0.172	0.149	0.188	0.491
